> -Z0.0000
  0.0000   0.9997
  0.9916   0.9997
  0.9916   0.0003
  0.0000   0.0003
  0.0000   0.9997
> -Z0.0000
  0.0000   1.9997
  0.9916   1.9997
  0.9916   1.0003
  0.0000   1.0003
  0.0000   1.9997
> -Z0.0000
  0.0000   2.9997
  0.9916   2.9997
  0.9916   2.0003
  0.0000   2.0003
  0.0000   2.9997
> -Z0.0000
  0.0000   3.9997
  0.9916   3.9997
  0.9916   3.0003
  0.0000   3.0003
  0.0000   3.9997
> -Z0.0000
  0.0000   4.9997
  0.9916   4.9997
  0.9916   4.0003
  0.0000   4.0003
  0.0000   4.9997
> -Z0.0000
  0.0000   5.9997
  0.9916   5.9997
  0.9916   5.0003
  0.0000   5.0003
  0.0000   5.9997
> -Z0.0000
  0.0000   6.9997
  0.9916   6.9997
  0.9916   6.0003
  0.0000   6.0003
  0.0000   6.9997
> -Z0.0000
  0.0000   7.9997
  0.9916   7.9997
  0.9916   7.0003
  0.0000   7.0003
  0.0000   7.9997
> -Z0.0000
  0.0000   8.9997
  0.9916   8.9997
  0.9916   8.0003
  0.0000   8.0003
  0.0000   8.9997
> -Z0.0000
  0.0000   9.9997
  0.9916   9.9997
  0.9916   9.0003
  0.0000   9.0003
  0.0000   9.9997
> -Z0.0000
  0.0000  10.9997
  0.9916  10.9997
  0.9916  10.0003
  0.0000  10.0003
  0.0000  10.9997
> -Z0.0005
  0.0000  11.9997
  0.9916  11.9997
  0.9916  11.0003
  0.0000  11.0003
  0.0000  11.9997
> -Z0.0017
  0.0000  12.9997
  0.9916  12.9997
  0.9916  12.0003
  0.0000  12.0003
  0.0000  12.9997
> -Z0.0030
  0.0000  13.9997
  0.9916  13.9997
  0.9916  13.0003
  0.0000  13.0003
  0.0000  13.9997
> -Z0.0040
  0.0000  14.9997
  0.9916  14.9997
  0.9916  14.0003
  0.0000  14.0003
  0.0000  14.9997
> -Z0.0045
  0.0000  15.9997
  0.9916  15.9997
  0.9916  15.0003
  0.0000  15.0003
  0.0000  15.9997
> -Z0.0044
  0.0000  16.9997
  0.9916  16.9997
  0.9916  16.0003
  0.0000  16.0003
  0.0000  16.9997
> -Z0.0038
  0.0000  17.9997
  0.9916  17.9997
  0.9916  17.0003
  0.0000  17.0003
  0.0000  17.9997
> -Z0.0028
  0.0000  18.9997
  0.9916  18.9997
  0.9916  18.0003
  0.0000  18.0003
  0.0000  18.9997
> -Z0.0015
  0.0000  19.9997
  0.9916  19.9997
  0.9916  19.0003
  0.0000  19.0003
  0.0000  19.9997
> -Z0.0000
  0.9916   0.9997
  1.9832   0.9997
  1.9832   0.0003
  0.9916   0.0003
  0.9916   0.9997
> -Z0.0000
  0.9916   1.9997
  1.9832   1.9997
  1.9832   1.0003
  0.9916   1.0003
  0.9916   1.9997
> -Z0.0000
  0.9916   2.9997
  1.9832   2.9997
  1.9832   2.0003
  0.9916   2.0003
  0.9916   2.9997
> -Z0.0000
  0.9916   3.9997
  1.9832   3.9997
  1.9832   3.0003
  0.9916   3.0003
  0.9916   3.9997
> -Z0.0000
  0.9916   4.9997
  1.9832   4.9997
  1.9832   4.0003
  0.9916   4.0003
  0.9916   4.9997
> -Z0.0000
  0.9916   5.9997
  1.9832   5.9997
  1.9832   5.0003
  0.9916   5.0003
  0.9916   5.9997
> -Z0.0000
  0.9916   6.9997
  1.9832   6.9997
  1.9832   6.0003
  0.9916   6.0003
  0.9916   6.9997
> -Z0.0000
  0.9916   7.9997
  1.9832   7.9997
  1.9832   7.0003
  0.9916   7.0003
  0.9916   7.9997
> -Z0.0000
  0.9916   8.9997
  1.9832   8.9997
  1.9832   8.0003
  0.9916   8.0003
  0.9916   8.9997
> -Z0.0001
  0.9916   9.9997
  1.9832   9.9997
  1.9832   9.0003
  0.9916   9.0003
  0.9916   9.9997
> -Z0.0013
  0.9916  10.9997
  1.9832  10.9997
  1.9832  10.0003
  0.9916  10.0003
  0.9916  10.9997
> -Z0.0034
  0.9916  11.9997
  1.9832  11.9997
  1.9832  11.0003
  0.9916  11.0003
  0.9916  11.9997
> -Z0.0059
  0.9916  12.9997
  1.9832  12.9997
  1.9832  12.0003
  0.9916  12.0003
  0.9916  12.9997
> -Z0.0082
  0.9916  13.9997
  1.9832  13.9997
  1.9832  13.0003
  0.9916  13.0003
  0.9916  13.9997
> -Z0.0098
  0.9916  14.9997
  1.9832  14.9997
  1.9832  14.0003
  0.9916  14.0003
  0.9916  14.9997
> -Z0.0103
  0.9916  15.9997
  1.9832  15.9997
  1.9832  15.0003
  0.9916  15.0003
  0.9916  15.9997
> -Z0.0097
  0.9916  16.9997
  1.9832  16.9997
  1.9832  16.0003
  0.9916  16.0003
  0.9916  16.9997
> -Z0.0082
  0.9916  17.9997
  1.9832  17.9997
  1.9832  17.0003
  0.9916  17.0003
  0.9916  17.9997
> -Z0.0059
  0.9916  18.9997
  1.9832  18.9997
  1.9832  18.0003
  0.9916  18.0003
  0.9916  18.9997
> -Z0.0031
  0.9916  19.9997
  1.9832  19.9997
  1.9832  19.0003
  0.9916  19.0003
  0.9916  19.9997
> -Z0.0000
  1.9832   0.9997
  2.9748   0.9997
  2.9748   0.0003
  1.9832   0.0003
  1.9832   0.9997
> -Z0.0000
  1.9832   1.9997
  2.9748   1.9997
  2.9748   1.0003
  1.9832   1.0003
  1.9832   1.9997
> -Z0.0000
  1.9832   2.9997
  2.9748   2.9997
  2.9748   2.0003
  1.9832   2.0003
  1.9832   2.9997
> -Z0.0000
  1.9832   3.9997
  2.9748   3.9997
  2.9748   3.0003
  1.9832   3.0003
  1.9832   3.9997
> -Z0.0000
  1.9832   4.9997
  2.9748   4.9997
  2.9748   4.0003
  1.9832   4.0003
  1.9832   4.9997
> -Z0.0000
  1.9832   5.9997
  2.9748   5.9997
  2.9748   5.0003
  1.9832   5.0003
  1.9832   5.9997
> -Z0.0000
  1.9832   6.9997
  2.9748   6.9997
  2.9748   6.0003
  1.9832   6.0003
  1.9832   6.9997
> -Z0.0000
  1.9832   7.9997
  2.9748   7.9997
  2.9748   7.0003
  1.9832   7.0003
  1.9832   7.9997
> -Z0.0008
  1.9832   8.9997
  2.9748   8.9997
  2.9748   8.0003
  1.9832   8.0003
  1.9832   8.9997
> -Z0.0032
  1.9832   9.9997
  2.9748   9.9997
  2.9748   9.0003
  1.9832   9.0003
  1.9832   9.9997
> -Z0.0069
  1.9832  10.9997
  2.9748  10.9997
  2.9748  10.0003
  1.9832  10.0003
  1.9832  10.9997
> -Z0.0110
  1.9832  11.9997
  2.9748  11.9997
  2.9748  11.0003
  1.9832  11.0003
  1.9832  11.9997
> -Z0.0147
  1.9832  12.9997
  2.9748  12.9997
  2.9748  12.0003
  1.9832  12.0003
  1.9832  12.9997
> -Z0.0174
  1.9832  13.9997
  2.9748  13.9997
  2.9748  13.0003
  1.9832  13.0003
  1.9832  13.9997
> -Z0.0187
  1.9832  14.9997
  2.9748  14.9997
  2.9748  14.0003
  1.9832  14.0003
  1.9832  14.9997
> -Z0.0184
  1.9832  15.9997
  2.9748  15.9997
  2.9748  15.0003
  1.9832  15.0003
  1.9832  15.9997
> -Z0.0166
  1.9832  16.9997
  2.9748  16.9997
  2.9748  16.0003
  1.9832  16.0003
  1.9832  16.9997
> -Z0.0135
  1.9832  17.9997
  2.9748  17.9997
  2.9748  17.0003
  1.9832  17.0003
  1.9832  17.9997
> -Z0.0096
  1.9832  18.9997
  2.9748  18.9997
  2.9748  18.0003
  1.9832  18.0003
  1.9832  18.9997
> -Z0.0050
  1.9832  19.9997
  2.9748  19.9997
  2.9748  19.0003
  1.9832  19.0003
  1.9832  19.9997
> -Z0.0000
  2.9748   0.9997
  3.9664   0.9997
  3.9664   0.0003
  2.9748   0.0003
  2.9748   0.9997
> -Z0.0000
  2.9748   1.9997
  3.9664   1.9997
  3.9664   1.0003
  2.9748   1.0003
  2.9748   1.9997
> -Z0.0000
  2.9748   2.9997
  3.9664   2.9997
  3.9664   2.0003
  2.9748   2.0003
  2.9748   2.9997
> -Z0.0000
  2.9748   3.9997
  3.9664   3.9997
  3.9664   3.0003
  2.9748   3.0003
  2.9748   3.9997
> -Z0.0000
  2.9748   4.9997
  3.9664   4.9997
  3.9664   4.0003
  2.9748   4.0003
  2.9748   4.9997
> -Z0.0000
  2.9748   5.9997
  3.9664   5.9997
  3.9664   5.0003
  2.9748   5.0003
  2.9748   5.9997
> -Z0.0000
  2.9748   6.9997
  3.9664   6.9997
  3.9664   6.0003
  2.9748   6.0003
  2.9748   6.9997
> -Z0.0019
  2.9748   7.9997
  3.9664   7.9997
  3.9664   7.0003
  2.9748   7.0003
  2.9748   7.9997
> -Z0.0064
  2.9748   8.9997
  3.9664   8.9997
  3.9664   8.0003
  2.9748   8.0003
  2.9748   8.9997
> -Z0.0126
  2.9748   9.9997
  3.9664   9.9997
  3.9664   9.0003
  2.9748   9.0003
  2.9748   9.9997
> -Z0.0192
  2.9748  10.9997
  3.9664  10.9997
  3.9664  10.0003
  2.9748  10.0003
  2.9748  10.9997
> -Z0.0251
  2.9748  11.9997
  3.9664  11.9997
  3.9664  11.0003
  2.9748  11.0003
  2.9748  11.9997
> -Z0.0292
  2.9748  12.9997
  3.9664  12.9997
  3.9664  12.0003
  2.9748  12.0003
  2.9748  12.9997
> -Z0.0313
  2.9748  13.9997
  3.9664  13.9997
  3.9664  13.0003
  2.9748  13.0003
  2.9748  13.9997
> -Z0.0311
  2.9748  14.9997
  3.9664  14.9997
  3.9664  14.0003
  2.9748  14.0003
  2.9748  14.9997
> -Z0.0289
  2.9748  15.9997
  3.9664  15.9997
  3.9664  15.0003
  2.9748  15.0003
  2.9748  15.9997
> -Z0.0250
  2.9748  16.9997
  3.9664  16.9997
  3.9664  16.0003
  2.9748  16.0003
  2.9748  16.9997
> -Z0.0198
  2.9748  17.9997
  3.9664  17.9997
  3.9664  17.0003
  2.9748  17.0003
  2.9748  17.9997
> -Z0.0137
  2.9748  18.9997
  3.9664  18.9997
  3.9664  18.0003
  2.9748  18.0003
  2.9748  18.9997
> -Z0.0071
  2.9748  19.9997
  3.9664  19.9997
  3.9664  19.0003
  2.9748  19.0003
  2.9748  19.9997
> -Z0.0000
  3.9664   0.9997
  4.9580   0.9997
  4.9580   0.0003
  3.9664   0.0003
  3.9664   0.9997
> -Z0.0000
  3.9664   1.9997
  4.9580   1.9997
  4.9580   1.0003
  3.9664   1.0003
  3.9664   1.9997
> -Z0.0000
  3.9664   2.9997
  4.9580   2.9997
  4.9580   2.0003
  3.9664   2.0003
  3.9664   2.9997
> -Z0.0000
  3.9664   3.9997
  4.9580   3.9997
  4.9580   3.0003
  3.9664   3.0003
  3.9664   3.9997
> -Z0.0000
  3.9664   4.9997
  4.9580   4.9997
  4.9580   4.0003
  3.9664   4.0003
  3.9664   4.9997
> -Z0.0000
  3.9664   5.9997
  4.9580   5.9997
  4.9580   5.0003
  3.9664   5.0003
  3.9664   5.9997
> -Z0.0032
  3.9664   6.9997
  4.9580   6.9997
  4.9580   6.0003
  3.9664   6.0003
  3.9664   6.9997
> -Z0.0105
  3.9664   7.9997
  4.9580   7.9997
  4.9580   7.0003
  3.9664   7.0003
  3.9664   7.9997
> -Z0.0204
  3.9664   8.9997
  4.9580   8.9997
  4.9580   8.0003
  3.9664   8.0003
  3.9664   8.9997
> -Z0.0308
  3.9664   9.9997
  4.9580   9.9997
  4.9580   9.0003
  3.9664   9.0003
  3.9664   9.9997
> -Z0.0399
  3.9664  10.9997
  4.9580  10.9997
  4.9580  10.0003
  3.9664  10.0003
  3.9664  10.9997
> -Z0.0463
  3.9664  11.9997
  4.9580  11.9997
  4.9580  11.0003
  3.9664  11.0003
  3.9664  11.9997
> -Z0.0496
  3.9664  12.9997
  4.9580  12.9997
  4.9580  12.0003
  3.9664  12.0003
  3.9664  12.9997
> -Z0.0495
  3.9664  13.9997
  4.9580  13.9997
  4.9580  13.0003
  3.9664  13.0003
  3.9664  13.9997
> -Z0.0467
  3.9664  14.9997
  4.9580  14.9997
  4.9580  14.0003
  3.9664  14.0003
  3.9664  14.9997
> -Z0.0415
  3.9664  15.9997
  4.9580  15.9997
  4.9580  15.0003
  3.9664  15.0003
  3.9664  15.9997
> -Z0.0347
  3.9664  16.9997
  4.9580  16.9997
  4.9580  16.0003
  3.9664  16.0003
  3.9664  16.9997
> -Z0.0268
  3.9664  17.9997
  4.9580  17.9997
  4.9580  17.0003
  3.9664  17.0003
  3.9664  17.9997
> -Z0.0182
  3.9664  18.9997
  4.9580  18.9997
  4.9580  18.0003
  3.9664  18.0003
  3.9664  18.9997
> -Z0.0093
  3.9664  19.9997
  4.9580  19.9997
  4.9580  19.0003
  3.9664  19.0003
  3.9664  19.9997
> -Z0.0000
  4.9580   0.9997
  5.9496   0.9997
  5.9496   0.0003
  4.9580   0.0003
  4.9580   0.9997
> -Z0.0000
  4.9580   1.9997
  5.9496   1.9997
  5.9496   1.0003
  4.9580   1.0003
  4.9580   1.9997
> -Z0.0000
  4.9580   2.9997
  5.9496   2.9997
  5.9496   2.0003
  4.9580   2.0003
  4.9580   2.9997
> -Z0.0000
  4.9580   3.9997
  5.9496   3.9997
  5.9496   3.0003
  4.9580   3.0003
  4.9580   3.9997
> -Z0.0000
  4.9580   4.9997
  5.9496   4.9997
  5.9496   4.0003
  4.9580   4.0003
  4.9580   4.9997
> -Z0.0042
  4.9580   5.9997
  5.9496   5.9997
  5.9496   5.0003
  4.9580   5.0003
  4.9580   5.9997
> -Z0.0148
  4.9580   6.9997
  5.9496   6.9997
  5.9496   6.0003
  4.9580   6.0003
  4.9580   6.9997
> -Z0.0296
  4.9580   7.9997
  5.9496   7.9997
  5.9496   7.0003
  4.9580   7.0003
  4.9580   7.9997
> -Z0.0454
  4.9580   8.9997
  5.9496   8.9997
  5.9496   8.0003
  4.9580   8.0003
  4.9580   8.9997
> -Z0.0592
  4.9580   9.9997
  5.9496   9.9997
  5.9496   9.0003
  4.9580   9.0003
  4.9580   9.9997
> -Z0.0690
  4.9580  10.9997
  5.9496  10.9997
  5.9496  10.0003
  4.9580  10.0003
  4.9580  10.9997
> -Z0.0742
  4.9580  11.9997
  5.9496  11.9997
  5.9496  11.0003
  4.9580  11.0003
  4.9580  11.9997
> -Z0.0746
  4.9580  12.9997
  5.9496  12.9997
  5.9496  12.0003
  4.9580  12.0003
  4.9580  12.9997
> -Z0.0710
  4.9580  13.9997
  5.9496  13.9997
  5.9496  13.0003
  4.9580  13.0003
  4.9580  13.9997
> -Z0.0642
  4.9580  14.9997
  5.9496  14.9997
  5.9496  14.0003
  4.9580  14.0003
  4.9580  14.9997
> -Z0.0552
  4.9580  15.9997
  5.9496  15.9997
  5.9496  15.0003
  4.9580  15.0003
  4.9580  15.9997
> -Z0.0449
  4.9580  16.9997
  5.9496  16.9997
  5.9496  16.0003
  4.9580  16.0003
  4.9580  16.9997
> -Z0.0339
  4.9580  17.9997
  5.9496  17.9997
  5.9496  17.0003
  4.9580  17.0003
  4.9580  17.9997
> -Z0.0228
  4.9580  18.9997
  5.9496  18.9997
  5.9496  18.0003
  4.9580  18.0003
  4.9580  18.9997
> -Z0.0115
  4.9580  19.9997
  5.9496  19.9997
  5.9496  19.0003
  4.9580  19.0003
  4.9580  19.9997
> -Z0.0000
  5.9496   0.9997
  6.9412   0.9997
  6.9412   0.0003
  5.9496   0.0003
  5.9496   0.9997
> -Z0.0000
  5.9496   1.9997
  6.9412   1.9997
  6.9412   1.0003
  5.9496   1.0003
  5.9496   1.9997
> -Z0.0000
  5.9496   2.9997
  6.9412   2.9997
  6.9412   2.0003
  5.9496   2.0003
  5.9496   2.9997
> -Z0.0000
  5.9496   3.9997
  6.9412   3.9997
  6.9412   3.0003
  5.9496   3.0003
  5.9496   3.9997
> -Z0.0046
  5.9496   4.9997
  6.9412   4.9997
  6.9412   4.0003
  5.9496   4.0003
  5.9496   4.9997
> -Z0.0185
  5.9496   5.9997
  6.9412   5.9997
  6.9412   5.0003
  5.9496   5.0003
  5.9496   5.9997
> -Z0.0391
  5.9496   6.9997
  6.9412   6.9997
  6.9412   6.0003
  5.9496   6.0003
  5.9496   6.9997
> -Z0.0616
  5.9496   7.9997
  6.9412   7.9997
  6.9412   7.0003
  5.9496   7.0003
  5.9496   7.9997
> -Z0.0817
  5.9496   8.9997
  6.9412   8.9997
  6.9412   8.0003
  5.9496   8.0003
  5.9496   8.9997
> -Z0.0965
  5.9496   9.9997
  6.9412   9.9997
  6.9412   9.0003
  5.9496   9.0003
  5.9496   9.9997
> -Z0.1048
  5.9496  10.9997
  6.9412  10.9997
  6.9412  10.0003
  5.9496  10.0003
  5.9496  10.9997
> -Z0.1064
  5.9496  11.9997
  6.9412  11.9997
  6.9412  11.0003
  5.9496  11.0003
  5.9496  11.9997
> -Z0.1024
  5.9496  12.9997
  6.9412  12.9997
  6.9412  12.0003
  5.9496  12.0003
  5.9496  12.9997
> -Z0.0939
  5.9496  13.9997
  6.9412  13.9997
  6.9412  13.0003
  5.9496  13.0003
  5.9496  13.9997
> -Z0.0823
  5.9496  14.9997
  6.9412  14.9997
  6.9412  14.0003
  5.9496  14.0003
  5.9496  14.9997
> -Z0.0689
  5.9496  15.9997
  6.9412  15.9997
  6.9412  15.0003
  5.9496  15.0003
  5.9496  15.9997
> -Z0.0548
  5.9496  16.9997
  6.9412  16.9997
  6.9412  16.0003
  5.9496  16.0003
  5.9496  16.9997
> -Z0.0407
  5.9496  17.9997
  6.9412  17.9997
  6.9412  17.0003
  5.9496  17.0003
  5.9496  17.9997
> -Z0.0269
  5.9496  18.9997
  6.9412  18.9997
  6.9412  18.0003
  5.9496  18.0003
  5.9496  18.9997
> -Z0.0136
  5.9496  19.9997
  6.9412  19.9997
  6.9412  19.0003
  5.9496  19.0003
  5.9496  19.9997
> -Z0.0000
  6.9412   0.9997
  7.9328   0.9997
  7.9328   0.0003
  6.9412   0.0003
  6.9412   0.9997
> -Z0.0000
  6.9412   1.9997
  7.9328   1.9997
  7.9328   1.0003
  6.9412   1.0003
  6.9412   1.9997
> -Z0.0000
  6.9412   2.9997
  7.9328   2.9997
  7.9328   2.0003
  6.9412   2.0003
  6.9412   2.9997
> -Z0.0045
  6.9412   3.9997
  7.9328   3.9997
  7.9328   3.0003
  6.9412   3.0003
  6.9412   3.9997
> -Z0.0208
  6.9412   4.9997
  7.9328   4.9997
  7.9328   4.0003
  6.9412   4.0003
  6.9412   4.9997
> -Z0.0470
  6.9412   5.9997
  7.9328   5.9997
  7.9328   5.0003
  6.9412   5.0003
  6.9412   5.9997
> -Z0.0770
  6.9412   6.9997
  7.9328   6.9997
  7.9328   6.0003
  6.9412   6.0003
  6.9412   6.9997
> -Z0.1049
  6.9412   7.9997
  7.9328   7.9997
  7.9328   7.0003
  6.9412   7.0003
  6.9412   7.9997
> -Z0.1265
  6.9412   8.9997
  7.9328   8.9997
  7.9328   8.0003
  6.9412   8.0003
  6.9412   8.9997
> -Z0.1394
  6.9412   9.9997
  7.9328   9.9997
  7.9328   9.0003
  6.9412   9.0003
  6.9412   9.9997
> -Z0.1436
  6.9412  10.9997
  7.9328  10.9997
  7.9328  10.0003
  6.9412  10.0003
  6.9412  10.9997
> -Z0.1399
  6.9412  11.9997
  7.9328  11.9997
  7.9328  11.0003
  6.9412  11.0003
  6.9412  11.9997
> -Z0.1300
  6.9412  12.9997
  7.9328  12.9997
  7.9328  12.0003
  6.9412  12.0003
  6.9412  12.9997
> -Z0.1158
  6.9412  13.9997
  7.9328  13.9997
  7.9328  13.0003
  6.9412  13.0003
  6.9412  13.9997
> -Z0.0990
  6.9412  14.9997
  7.9328  14.9997
  7.9328  14.0003
  6.9412  14.0003
  6.9412  14.9997
> -Z0.0813
  6.9412  15.9997
  7.9328  15.9997
  7.9328  15.0003
  6.9412  15.0003
  6.9412  15.9997
> -Z0.0635
  6.9412  16.9997
  7.9328  16.9997
  7.9328  16.0003
  6.9412  16.0003
  6.9412  16.9997
> -Z0.0465
  6.9412  17.9997
  7.9328  17.9997
  7.9328  17.0003
  6.9412  17.0003
  6.9412  17.9997
> -Z0.0304
  6.9412  18.9997
  7.9328  18.9997
  7.9328  18.0003
  6.9412  18.0003
  6.9412  18.9997
> -Z0.0152
  6.9412  19.9997
  7.9328  19.9997
  7.9328  19.0003
  6.9412  19.0003
  6.9412  19.9997
> -Z0.0017
  7.9328   0.9997
  8.9244   0.9997
  8.9244   0.0003
  7.9328   0.0003
  7.9328   0.9997
> -Z0.0015
  7.9328   1.9997
  8.9244   1.9997
  8.9244   1.0003
  7.9328   1.0003
  7.9328   1.9997
> -Z0.0045
  7.9328   2.9997
  8.9244   2.9997
  8.9244   2.0003
  7.9328   2.0003
  7.9328   2.9997
> -Z0.0206
  7.9328   3.9997
  8.9244   3.9997
  8.9244   3.0003
  7.9328   3.0003
  7.9328   3.9997
> -Z0.0504
  7.9328   4.9997
  8.9244   4.9997
  8.9244   4.0003
  7.9328   4.0003
  7.9328   4.9997
> -Z0.0876
  7.9328   5.9997
  8.9244   5.9997
  8.9244   5.0003
  7.9328   5.0003
  7.9328   5.9997
> -Z0.1242
  7.9328   6.9997
  8.9244   6.9997
  8.9244   6.0003
  7.9328   6.0003
  7.9328   6.9997
> -Z0.1542
  7.9328   7.9997
  8.9244   7.9997
  8.9244   7.0003
  7.9328   7.0003
  7.9328   7.9997
> -Z0.1739
  7.9328   8.9997
  8.9244   8.9997
  8.9244   8.0003
  7.9328   8.0003
  7.9328   8.9997
> -Z0.1825
  7.9328   9.9997
  8.9244   9.9997
  8.9244   9.0003
  7.9328   9.0003
  7.9328   9.9997
> -Z0.1807
  7.9328  10.9997
  8.9244  10.9997
  8.9244  10.0003
  7.9328  10.0003
  7.9328  10.9997
> -Z0.1706
  7.9328  11.9997
  8.9244  11.9997
  8.9244  11.0003
  7.9328  11.0003
  7.9328  11.9997
> -Z0.1544
  7.9328  12.9997
  8.9244  12.9997
  8.9244  12.0003
  7.9328  12.0003
  7.9328  12.9997
> -Z0.1345
  7.9328  13.9997
  8.9244  13.9997
  8.9244  13.0003
  7.9328  13.0003
  7.9328  13.9997
> -Z0.1129
  7.9328  14.9997
  8.9244  14.9997
  8.9244  14.0003
  7.9328  14.0003
  7.9328  14.9997
> -Z0.0911
  7.9328  15.9997
  8.9244  15.9997
  8.9244  15.0003
  7.9328  15.0003
  7.9328  15.9997
> -Z0.0702
  7.9328  16.9997
  8.9244  16.9997
  8.9244  16.0003
  7.9328  16.0003
  7.9328  16.9997
> -Z0.0508
  7.9328  17.9997
  8.9244  17.9997
  8.9244  17.0003
  7.9328  17.0003
  7.9328  17.9997
> -Z0.0330
  7.9328  18.9997
  8.9244  18.9997
  8.9244  18.0003
  7.9328  18.0003
  7.9328  18.9997
> -Z0.0164
  7.9328  19.9997
  8.9244  19.9997
  8.9244  19.0003
  7.9328  19.0003
  7.9328  19.9997
> -Z0.0043
  8.9244   0.9997
  9.9160   0.9997
  9.9160   0.0003
  8.9244   0.0003
  8.9244   0.9997
> -Z0.0066
  8.9244   1.9997
  9.9160   1.9997
  9.9160   1.0003
  8.9244   1.0003
  8.9244   1.9997
> -Z0.0163
  8.9244   2.9997
  9.9160   2.9997
  9.9160   2.0003
  8.9244   2.0003
  8.9244   2.9997
> -Z0.0445
  8.9244   3.9997
  9.9160   3.9997
  9.9160   3.0003
  8.9244   3.0003
  8.9244   3.9997
> -Z0.0864
  8.9244   4.9997
  9.9160   4.9997
  9.9160   4.0003
  8.9244   4.0003
  8.9244   4.9997
> -Z0.1318
  8.9244   5.9997
  9.9160   5.9997
  9.9160   5.0003
  8.9244   5.0003
  8.9244   5.9997
> -Z0.1719
  8.9244   6.9997
  9.9160   6.9997
  9.9160   6.0003
  8.9244   6.0003
  8.9244   6.9997
> -Z0.2008
  8.9244   7.9997
  9.9160   7.9997
  9.9160   7.0003
  8.9244   7.0003
  8.9244   7.9997
> -Z0.2165
  8.9244   8.9997
  9.9160   8.9997
  9.9160   8.0003
  8.9244   8.0003
  8.9244   8.9997
> -Z0.2193
  8.9244   9.9997
  9.9160   9.9997
  9.9160   9.0003
  8.9244   9.0003
  8.9244   9.9997
> -Z0.2111
  8.9244  10.9997
  9.9160  10.9997
  9.9160  10.0003
  8.9244  10.0003
  8.9244  10.9997
> -Z0.1946
  8.9244  11.9997
  9.9160  11.9997
  9.9160  11.0003
  8.9244  11.0003
  8.9244  11.9997
> -Z0.1728
  8.9244  12.9997
  9.9160  12.9997
  9.9160  12.0003
  8.9244  12.0003
  8.9244  12.9997
> -Z0.1480
  8.9244  13.9997
  9.9160  13.9997
  9.9160  13.0003
  8.9244  13.0003
  8.9244  13.9997
> -Z0.1224
  8.9244  14.9997
  9.9160  14.9997
  9.9160  14.0003
  8.9244  14.0003
  8.9244  14.9997
> -Z0.0975
  8.9244  15.9997
  9.9160  15.9997
  9.9160  15.0003
  8.9244  15.0003
  8.9244  15.9997
> -Z0.0744
  8.9244  16.9997
  9.9160  16.9997
  9.9160  16.0003
  8.9244  16.0003
  8.9244  16.9997
> -Z0.0534
  8.9244  17.9997
  9.9160  17.9997
  9.9160  17.0003
  8.9244  17.0003
  8.9244  17.9997
> -Z0.0344
  8.9244  18.9997
  9.9160  18.9997
  9.9160  18.0003
  8.9244  18.0003
  8.9244  18.9997
> -Z0.0170
  8.9244  19.9997
  9.9160  19.9997
  9.9160  19.0003
  8.9244  19.0003
  8.9244  19.9997
> -Z0.0057
  9.9160   0.9997
 10.9076   0.9997
 10.9076   0.0003
  9.9160   0.0003
  9.9160   0.9997
> -Z0.0069
  9.9160   1.9997
 10.9076   1.9997
 10.9076   1.0003
  9.9160   1.0003
  9.9160   1.9997
> -Z0.0242
  9.9160   2.9997
 10.9076   2.9997
 10.9076   2.0003
  9.9160   2.0003
  9.9160   2.9997
> -Z0.0647
  9.9160   3.9997
 10.9076   3.9997
 10.9076   3.0003
  9.9160   3.0003
  9.9160   3.9997
> -Z0.1169
  9.9160   4.9997
 10.9076   4.9997
 10.9076   4.0003
  9.9160   4.0003
  9.9160   4.9997
> -Z0.1680
  9.9160   5.9997
 10.9076   5.9997
 10.9076   5.0003
  9.9160   5.0003
  9.9160   5.9997
> -Z0.2091
  9.9160   6.9997
 10.9076   6.9997
 10.9076   6.0003
  9.9160   6.0003
  9.9160   6.9997
> -Z0.2355
  9.9160   7.9997
 10.9076   7.9997
 10.9076   7.0003
  9.9160   7.0003
  9.9160   7.9997
> -Z0.2466
  9.9160   8.9997
 10.9076   8.9997
 10.9076   8.0003
  9.9160   8.0003
  9.9160   8.9997
> -Z0.2438
  9.9160   9.9997
 10.9076   9.9997
 10.9076   9.0003
  9.9160   9.0003
  9.9160   9.9997
> -Z0.2302
  9.9160  10.9997
 10.9076  10.9997
 10.9076  10.0003
  9.9160  10.0003
  9.9160  10.9997
> -Z0.2089
  9.9160  11.9997
 10.9076  11.9997
 10.9076  11.0003
  9.9160  11.0003
  9.9160  11.9997
> -Z0.1829
  9.9160  12.9997
 10.9076  12.9997
 10.9076  12.0003
  9.9160  12.0003
  9.9160  12.9997
> -Z0.1548
  9.9160  13.9997
 10.9076  13.9997
 10.9076  13.0003
  9.9160  13.0003
  9.9160  13.9997
> -Z0.1267
  9.9160  14.9997
 10.9076  14.9997
 10.9076  14.0003
  9.9160  14.0003
  9.9160  14.9997
> -Z0.1001
  9.9160  15.9997
 10.9076  15.9997
 10.9076  15.0003
  9.9160  15.0003
  9.9160  15.9997
> -Z0.0757
  9.9160  16.9997
 10.9076  16.9997
 10.9076  16.0003
  9.9160  16.0003
  9.9160  16.9997
> -Z0.0539
  9.9160  17.9997
 10.9076  17.9997
 10.9076  17.0003
  9.9160  17.0003
  9.9160  17.9997
> -Z0.0346
  9.9160  18.9997
 10.9076  18.9997
 10.9076  18.0003
  9.9160  18.0003
  9.9160  18.9997
> -Z0.0171
  9.9160  19.9997
 10.9076  19.9997
 10.9076  19.0003
  9.9160  19.0003
  9.9160  19.9997
> -Z0.0000
 10.9076   0.9997
 11.8992   0.9997
 11.8992   0.0003
 10.9076   0.0003
 10.9076   0.9997
> -Z0.0000
 10.9076   1.9997
 11.8992   1.9997
 11.8992   1.0003
 10.9076   1.0003
 10.9076   1.9997
> -Z0.0240
 10.9076   2.9997
 11.8992   2.9997
 11.8992   2.0003
 10.9076   2.0003
 10.9076   2.9997
> -Z0.0732
 10.9076   3.9997
 11.8992   3.9997
 11.8992   3.0003
 10.9076   3.0003
 10.9076   3.9997
> -Z0.1322
 10.9076   4.9997
 11.8992   4.9997
 11.8992   4.0003
 10.9076   4.0003
 10.9076   4.9997
> -Z0.1864
 10.9076   5.9997
 11.8992   5.9997
 11.8992   5.0003
 10.9076   5.0003
 10.9076   5.9997
> -Z0.2270
 10.9076   6.9997
 11.8992   6.9997
 11.8992   6.0003
 10.9076   6.0003
 10.9076   6.9997
> -Z0.2509
 10.9076   7.9997
 11.8992   7.9997
 11.8992   7.0003
 10.9076   7.0003
 10.9076   7.9997
> -Z0.2584
 10.9076   8.9997
 11.8992   8.9997
 11.8992   8.0003
 10.9076   8.0003
 10.9076   8.9997
> -Z0.2521
 10.9076   9.9997
 11.8992   9.9997
 11.8992   9.0003
 10.9076   9.0003
 10.9076   9.9997
> -Z0.2354
 10.9076  10.9997
 11.8992  10.9997
 11.8992  10.0003
 10.9076  10.0003
 10.9076  10.9997
> -Z0.2116
 10.9076  11.9997
 11.8992  11.9997
 11.8992  11.0003
 10.9076  11.0003
 10.9076  11.9997
> -Z0.1838
 10.9076  12.9997
 11.8992  12.9997
 11.8992  12.0003
 10.9076  12.0003
 10.9076  12.9997
> -Z0.1544
 10.9076  13.9997
 11.8992  13.9997
 11.8992  13.0003
 10.9076  13.0003
 10.9076  13.9997
> -Z0.1256
 10.9076  14.9997
 11.8992  14.9997
 11.8992  14.0003
 10.9076  14.0003
 10.9076  14.9997
> -Z0.0986
 10.9076  15.9997
 11.8992  15.9997
 11.8992  15.0003
 10.9076  15.0003
 10.9076  15.9997
> -Z0.0741
 10.9076  16.9997
 11.8992  16.9997
 11.8992  16.0003
 10.9076  16.0003
 10.9076  16.9997
> -Z0.0526
 10.9076  17.9997
 11.8992  17.9997
 11.8992  17.0003
 10.9076  17.0003
 10.9076  17.9997
> -Z0.0336
 10.9076  18.9997
 11.8992  18.9997
 11.8992  18.0003
 10.9076  18.0003
 10.9076  18.9997
> -Z0.0165
 10.9076  19.9997
 11.8992  19.9997
 11.8992  19.0003
 10.9076  19.0003
 10.9076  19.9997
> -Z0.0000
 11.8992   0.9997
 12.8908   0.9997
 12.8908   0.0003
 11.8992   0.0003
 11.8992   0.9997
> -Z0.0000
 11.8992   1.9997
 12.8908   1.9997
 12.8908   1.0003
 11.8992   1.0003
 11.8992   1.9997
> -Z0.0206
 11.8992   2.9997
 12.8908   2.9997
 12.8908   2.0003
 11.8992   2.0003
 11.8992   2.9997
> -Z0.0700
 11.8992   3.9997
 12.8908   3.9997
 12.8908   3.0003
 11.8992   3.0003
 11.8992   3.9997
> -Z0.1293
 11.8992   4.9997
 12.8908   4.9997
 12.8908   4.0003
 11.8992   4.0003
 11.8992   4.9997
> -Z0.1827
 11.8992   5.9997
 12.8908   5.9997
 12.8908   5.0003
 11.8992   5.0003
 11.8992   5.9997
> -Z0.2217
 11.8992   6.9997
 12.8908   6.9997
 12.8908   6.0003
 11.8992   6.0003
 11.8992   6.9997
> -Z0.2438
 11.8992   7.9997
 12.8908   7.9997
 12.8908   7.0003
 11.8992   7.0003
 11.8992   7.9997
> -Z0.2500
 11.8992   8.9997
 12.8908   8.9997
 12.8908   8.0003
 11.8992   8.0003
 11.8992   8.9997
> -Z0.2430
 11.8992   9.9997
 12.8908   9.9997
 12.8908   9.0003
 11.8992   9.0003
 11.8992   9.9997
> -Z0.2262
 11.8992  10.9997
 12.8908  10.9997
 12.8908  10.0003
 11.8992  10.0003
 11.8992  10.9997
> -Z0.2027
 11.8992  11.9997
 12.8908  11.9997
 12.8908  11.0003
 11.8992  11.0003
 11.8992  11.9997
> -Z0.1755
 11.8992  12.9997
 12.8908  12.9997
 12.8908  12.0003
 11.8992  12.0003
 11.8992  12.9997
> -Z0.1470
 11.8992  13.9997
 12.8908  13.9997
 12.8908  13.0003
 11.8992  13.0003
 11.8992  13.9997
> -Z0.1192
 11.8992  14.9997
 12.8908  14.9997
 12.8908  14.0003
 11.8992  14.0003
 11.8992  14.9997
> -Z0.0932
 11.8992  15.9997
 12.8908  15.9997
 12.8908  15.0003
 11.8992  15.0003
 11.8992  15.9997
> -Z0.0698
 11.8992  16.9997
 12.8908  16.9997
 12.8908  16.0003
 11.8992  16.0003
 11.8992  16.9997
> -Z0.0493
 11.8992  17.9997
 12.8908  17.9997
 12.8908  17.0003
 11.8992  17.0003
 11.8992  17.9997
> -Z0.0314
 11.8992  18.9997
 12.8908  18.9997
 12.8908  18.0003
 11.8992  18.0003
 11.8992  18.9997
> -Z0.0154
 11.8992  19.9997
 12.8908  19.9997
 12.8908  19.0003
 11.8992  19.0003
 11.8992  19.9997
> -Z0.0000
 12.8908   0.9997
 13.8824   0.9997
 13.8824   0.0003
 12.8908   0.0003
 12.8908   0.9997
> -Z0.0000
 12.8908   1.9997
 13.8824   1.9997
 13.8824   1.0003
 12.8908   1.0003
 12.8908   1.9997
> -Z0.0167
 12.8908   2.9997
 13.8824   2.9997
 13.8824   2.0003
 12.8908   2.0003
 12.8908   2.9997
> -Z0.0592
 12.8908   3.9997
 13.8824   3.9997
 13.8824   3.0003
 12.8908   3.0003
 12.8908   3.9997
> -Z0.1115
 12.8908   4.9997
 13.8824   4.9997
 13.8824   4.0003
 12.8908   4.0003
 12.8908   4.9997
> -Z0.1597
 12.8908   5.9997
 13.8824   5.9997
 13.8824   5.0003
 12.8908   5.0003
 12.8908   5.9997
> -Z0.1958
 12.8908   6.9997
 13.8824   6.9997
 13.8824   6.0003
 12.8908   6.0003
 12.8908   6.9997
> -Z0.2170
 12.8908   7.9997
 13.8824   7.9997
 13.8824   7.0003
 12.8908   7.0003
 12.8908   7.9997
> -Z0.2240
 12.8908   8.9997
 13.8824   8.9997
 13.8824   8.0003
 12.8908   8.0003
 12.8908   8.9997
> -Z0.2188
 12.8908   9.9997
 13.8824   9.9997
 13.8824   9.0003
 12.8908   9.0003
 12.8908   9.9997
> -Z0.2044
 12.8908  10.9997
 13.8824  10.9997
 13.8824  10.0003
 12.8908  10.0003
 12.8908  10.9997
> -Z0.1836
 12.8908  11.9997
 13.8824  11.9997
 13.8824  11.0003
 12.8908  11.0003
 12.8908  11.9997
> -Z0.1592
 12.8908  12.9997
 13.8824  12.9997
 13.8824  12.0003
 12.8908  12.0003
 12.8908  12.9997
> -Z0.1335
 12.8908  13.9997
 13.8824  13.9997
 13.8824  13.0003
 12.8908  13.0003
 12.8908  13.9997
> -Z0.1081
 12.8908  14.9997
 13.8824  14.9997
 13.8824  14.0003
 12.8908  14.0003
 12.8908  14.9997
> -Z0.0844
 12.8908  15.9997
 13.8824  15.9997
 13.8824  15.0003
 12.8908  15.0003
 12.8908  15.9997
> -Z0.0631
 12.8908  16.9997
 13.8824  16.9997
 13.8824  16.0003
 12.8908  16.0003
 12.8908  16.9997
> -Z0.0445
 12.8908  17.9997
 13.8824  17.9997
 13.8824  17.0003
 12.8908  17.0003
 12.8908  17.9997
> -Z0.0283
 12.8908  18.9997
 13.8824  18.9997
 13.8824  18.0003
 12.8908  18.0003
 12.8908  18.9997
> -Z0.0139
 12.8908  19.9997
 13.8824  19.9997
 13.8824  19.0003
 12.8908  19.0003
 12.8908  19.9997
> -Z0.0000
 13.8824   0.9997
 14.8740   0.9997
 14.8740   0.0003
 13.8824   0.0003
 13.8824   0.9997
> -Z0.0000
 13.8824   1.9997
 14.8740   1.9997
 14.8740   1.0003
 13.8824   1.0003
 13.8824   1.9997
> -Z0.0126
 13.8824   2.9997
 14.8740   2.9997
 14.8740   2.0003
 13.8824   2.0003
 13.8824   2.9997
> -Z0.0442
 13.8824   3.9997
 14.8740   3.9997
 14.8740   3.0003
 13.8824   3.0003
 13.8824   3.9997
> -Z0.0852
 13.8824   4.9997
 14.8740   4.9997
 14.8740   4.0003
 13.8824   4.0003
 13.8824   4.9997
> -Z0.1250
 13.8824   5.9997
 14.8740   5.9997
 14.8740   5.0003
 13.8824   5.0003
 13.8824   5.9997
> -Z0.1567
 13.8824   6.9997
 14.8740   6.9997
 14.8740   6.0003
 13.8824   6.0003
 13.8824   6.9997
> -Z0.1772
 13.8824   7.9997
 14.8740   7.9997
 14.8740   7.0003
 13.8824   7.0003
 13.8824   7.9997
> -Z0.1859
 13.8824   8.9997
 14.8740   8.9997
 14.8740   8.0003
 13.8824   8.0003
 13.8824   8.9997
> -Z0.1840
 13.8824   9.9997
 14.8740   9.9997
 14.8740   9.0003
 13.8824   9.0003
 13.8824   9.9997
> -Z0.1736
 13.8824  10.9997
 14.8740  10.9997
 14.8740  10.0003
 13.8824  10.0003
 13.8824  10.9997
> -Z0.1571
 13.8824  11.9997
 14.8740  11.9997
 14.8740  11.0003
 13.8824  11.0003
 13.8824  11.9997
> -Z0.1369
 13.8824  12.9997
 14.8740  12.9997
 14.8740  12.0003
 13.8824  12.0003
 13.8824  12.9997
> -Z0.1151
 13.8824  13.9997
 14.8740  13.9997
 14.8740  13.0003
 13.8824  13.0003
 13.8824  13.9997
> -Z0.0934
 13.8824  14.9997
 14.8740  14.9997
 14.8740  14.0003
 13.8824  14.0003
 13.8824  14.9997
> -Z0.0729
 13.8824  15.9997
 14.8740  15.9997
 14.8740  15.0003
 13.8824  15.0003
 13.8824  15.9997
> -Z0.0545
 13.8824  16.9997
 14.8740  16.9997
 14.8740  16.0003
 13.8824  16.0003
 13.8824  16.9997
> -Z0.0384
 13.8824  17.9997
 14.8740  17.9997
 14.8740  17.0003
 13.8824  17.0003
 13.8824  17.9997
> -Z0.0243
 13.8824  18.9997
 14.8740  18.9997
 14.8740  18.0003
 13.8824  18.0003
 13.8824  18.9997
> -Z0.0119
 13.8824  19.9997
 14.8740  19.9997
 14.8740  19.0003
 13.8824  19.0003
 13.8824  19.9997
> -Z0.0000
 14.8740   0.9997
 15.8656   0.9997
 15.8656   0.0003
 14.8740   0.0003
 14.8740   0.9997
> -Z0.0003
 14.8740   1.9997
 15.8656   1.9997
 15.8656   1.0003
 14.8740   1.0003
 14.8740   1.9997
> -Z0.0082
 14.8740   2.9997
 15.8656   2.9997
 15.8656   2.0003
 14.8740   2.0003
 14.8740   2.9997
> -Z0.0282
 14.8740   3.9997
 15.8656   3.9997
 15.8656   3.0003
 14.8740   3.0003
 14.8740   3.9997
> -Z0.0567
 14.8740   4.9997
 15.8656   4.9997
 15.8656   4.0003
 14.8740   4.0003
 14.8740   4.9997
> -Z0.0871
 14.8740   5.9997
 15.8656   5.9997
 15.8656   5.0003
 14.8740   5.0003
 14.8740   5.9997
> -Z0.1136
 14.8740   6.9997
 15.8656   6.9997
 15.8656   6.0003
 14.8740   6.0003
 14.8740   6.9997
> -Z0.1327
 14.8740   7.9997
 15.8656   7.9997
 15.8656   7.0003
 14.8740   7.0003
 14.8740   7.9997
> -Z0.1428
 14.8740   8.9997
 15.8656   8.9997
 15.8656   8.0003
 14.8740   8.0003
 14.8740   8.9997
> -Z0.1441
 14.8740   9.9997
 15.8656   9.9997
 15.8656   9.0003
 14.8740   9.0003
 14.8740   9.9997
> -Z0.1380
 14.8740  10.9997
 15.8656  10.9997
 15.8656  10.0003
 14.8740  10.0003
 14.8740  10.9997
> -Z0.1262
 14.8740  11.9997
 15.8656  11.9997
 15.8656  11.0003
 14.8740  11.0003
 14.8740  11.9997
> -Z0.1108
 14.8740  12.9997
 15.8656  12.9997
 15.8656  12.0003
 14.8740  12.0003
 14.8740  12.9997
> -Z0.0936
 14.8740  13.9997
 15.8656  13.9997
 15.8656  13.0003
 14.8740  13.0003
 14.8740  13.9997
> -Z0.0761
 14.8740  14.9997
 15.8656  14.9997
 15.8656  14.0003
 14.8740  14.0003
 14.8740  14.9997
> -Z0.0595
 14.8740  15.9997
 15.8656  15.9997
 15.8656  15.0003
 14.8740  15.0003
 14.8740  15.9997
> -Z0.0445
 14.8740  16.9997
 15.8656  16.9997
 15.8656  16.0003
 14.8740  16.0003
 14.8740  16.9997
> -Z0.0313
 14.8740  17.9997
 15.8656  17.9997
 15.8656  17.0003
 14.8740  17.0003
 14.8740  17.9997
> -Z0.0198
 14.8740  18.9997
 15.8656  18.9997
 15.8656  18.0003
 14.8740  18.0003
 14.8740  18.9997
> -Z0.0097
 14.8740  19.9997
 15.8656  19.9997
 15.8656  19.0003
 14.8740  19.0003
 14.8740  19.9997
> -Z0.0010
 15.8656   0.9997
 16.8572   0.9997
 16.8572   0.0003
 15.8656   0.0003
 15.8656   0.9997
> -Z0.0008
 15.8656   1.9997
 16.8572   1.9997
 16.8572   1.0003
 15.8656   1.0003
 15.8656   1.9997
> -Z0.0038
 15.8656   2.9997
 16.8572   2.9997
 16.8572   2.0003
 15.8656   2.0003
 15.8656   2.9997
> -Z0.0141
 15.8656   3.9997
 16.8572   3.9997
 16.8572   3.0003
 15.8656   3.0003
 15.8656   3.9997
> -Z0.0316
 15.8656   4.9997
 16.8572   4.9997
 16.8572   4.0003
 15.8656   4.0003
 15.8656   4.9997
> -Z0.0531
 15.8656   5.9997
 16.8572   5.9997
 16.8572   5.0003
 15.8656   5.0003
 15.8656   5.9997
> -Z0.0739
 15.8656   6.9997
 16.8572   6.9997
 16.8572   6.0003
 15.8656   6.0003
 15.8656   6.9997
> -Z0.0903
 15.8656   7.9997
 16.8572   7.9997
 16.8572   7.0003
 15.8656   7.0003
 15.8656   7.9997
> -Z0.1006
 15.8656   8.9997
 16.8572   8.9997
 16.8572   8.0003
 15.8656   8.0003
 15.8656   8.9997
> -Z0.1040
 15.8656   9.9997
 16.8572   9.9997
 16.8572   9.0003
 15.8656   9.0003
 15.8656   9.9997
> -Z0.1013
 15.8656  10.9997
 16.8572  10.9997
 16.8572  10.0003
 15.8656  10.0003
 15.8656  10.9997
> -Z0.0937
 15.8656  11.9997
 16.8572  11.9997
 16.8572  11.0003
 15.8656  11.0003
 15.8656  11.9997
> -Z0.0829
 15.8656  12.9997
 16.8572  12.9997
 16.8572  12.0003
 15.8656  12.0003
 15.8656  12.9997
> -Z0.0704
 15.8656  13.9997
 16.8572  13.9997
 16.8572  13.0003
 15.8656  13.0003
 15.8656  13.9997
> -Z0.0575
 15.8656  14.9997
 16.8572  14.9997
 16.8572  14.0003
 15.8656  14.0003
 15.8656  14.9997
> -Z0.0450
 15.8656  15.9997
 16.8572  15.9997
 16.8572  15.0003
 15.8656  15.0003
 15.8656  15.9997
> -Z0.0337
 15.8656  16.9997
 16.8572  16.9997
 16.8572  16.0003
 15.8656  16.0003
 15.8656  16.9997
> -Z0.0236
 15.8656  17.9997
 16.8572  17.9997
 16.8572  17.0003
 15.8656  17.0003
 15.8656  17.9997
> -Z0.0149
 15.8656  18.9997
 16.8572  18.9997
 16.8572  18.0003
 15.8656  18.0003
 15.8656  18.9997
> -Z0.0073
 15.8656  19.9997
 16.8572  19.9997
 16.8572  19.0003
 15.8656  19.0003
 15.8656  19.9997
> -Z0.0002
 16.8572   0.9997
 17.8488   0.9997
 17.8488   0.0003
 16.8572   0.0003
 16.8572   0.9997
> -Z0.0002
 16.8572   1.9997
 17.8488   1.9997
 17.8488   1.0003
 16.8572   1.0003
 16.8572   1.9997
> -Z0.0007
 16.8572   2.9997
 17.8488   2.9997
 17.8488   2.0003
 16.8572   2.0003
 16.8572   2.9997
> -Z0.0046
 16.8572   3.9997
 17.8488   3.9997
 17.8488   3.0003
 16.8572   3.0003
 16.8572   3.9997
> -Z0.0136
 16.8572   4.9997
 17.8488   4.9997
 17.8488   4.0003
 16.8572   4.0003
 16.8572   4.9997
> -Z0.0269
 16.8572   5.9997
 17.8488   5.9997
 17.8488   5.0003
 16.8572   5.0003
 16.8572   5.9997
> -Z0.0416
 16.8572   6.9997
 17.8488   6.9997
 17.8488   6.0003
 16.8572   6.0003
 16.8572   6.9997
> -Z0.0542
 16.8572   7.9997
 17.8488   7.9997
 17.8488   7.0003
 16.8572   7.0003
 16.8572   7.9997
> -Z0.0628
 16.8572   8.9997
 17.8488   8.9997
 17.8488   8.0003
 16.8572   8.0003
 16.8572   8.9997
> -Z0.0666
 16.8572   9.9997
 17.8488   9.9997
 17.8488   9.0003
 16.8572   9.0003
 16.8572   9.9997
> -Z0.0660
 16.8572  10.9997
 17.8488  10.9997
 17.8488  10.0003
 16.8572  10.0003
 16.8572  10.9997
> -Z0.0616
 16.8572  11.9997
 17.8488  11.9997
 17.8488  11.0003
 16.8572  11.0003
 16.8572  11.9997
> -Z0.0549
 16.8572  12.9997
 17.8488  12.9997
 17.8488  12.0003
 16.8572  12.0003
 16.8572  12.9997
> -Z0.0468
 16.8572  13.9997
 17.8488  13.9997
 17.8488  13.0003
 16.8572  13.0003
 16.8572  13.9997
> -Z0.0383
 16.8572  14.9997
 17.8488  14.9997
 17.8488  14.0003
 16.8572  14.0003
 16.8572  14.9997
> -Z0.0301
 16.8572  15.9997
 17.8488  15.9997
 17.8488  15.0003
 16.8572  15.0003
 16.8572  15.9997
> -Z0.0225
 16.8572  16.9997
 17.8488  16.9997
 17.8488  16.0003
 16.8572  16.0003
 16.8572  16.9997
> -Z0.0158
 16.8572  17.9997
 17.8488  17.9997
 17.8488  17.0003
 16.8572  17.0003
 16.8572  17.9997
> -Z0.0099
 16.8572  18.9997
 17.8488  18.9997
 17.8488  18.0003
 16.8572  18.0003
 16.8572  18.9997
> -Z0.0048
 16.8572  19.9997
 17.8488  19.9997
 17.8488  19.0003
 16.8572  19.0003
 16.8572  19.9997
> -Z0.0000
 17.8488   0.9997
 18.8404   0.9997
 18.8404   0.0003
 17.8488   0.0003
 17.8488   0.9997
> -Z0.0000
 17.8488   1.9997
 18.8404   1.9997
 18.8404   1.0003
 17.8488   1.0003
 17.8488   1.9997
> -Z0.0000
 17.8488   2.9997
 18.8404   2.9997
 18.8404   2.0003
 17.8488   2.0003
 17.8488   2.9997
> -Z0.0005
 17.8488   3.9997
 18.8404   3.9997
 18.8404   3.0003
 17.8488   3.0003
 17.8488   3.9997
> -Z0.0039
 17.8488   4.9997
 18.8404   4.9997
 18.8404   4.0003
 17.8488   4.0003
 17.8488   4.9997
> -Z0.0102
 17.8488   5.9997
 18.8404   5.9997
 18.8404   5.0003
 17.8488   5.0003
 17.8488   5.9997
> -Z0.0178
 17.8488   6.9997
 18.8404   6.9997
 18.8404   6.0003
 17.8488   6.0003
 17.8488   6.9997
> -Z0.0249
 17.8488   7.9997
 18.8404   7.9997
 18.8404   7.0003
 17.8488   7.0003
 17.8488   7.9997
> -Z0.0301
 17.8488   8.9997
 18.8404   8.9997
 18.8404   8.0003
 17.8488   8.0003
 17.8488   8.9997
> -Z0.0327
 17.8488   9.9997
 18.8404   9.9997
 18.8404   9.0003
 17.8488   9.0003
 17.8488   9.9997
> -Z0.0327
 17.8488  10.9997
 18.8404  10.9997
 18.8404  10.0003
 17.8488  10.0003
 17.8488  10.9997
> -Z0.0307
 17.8488  11.9997
 18.8404  11.9997
 18.8404  11.0003
 17.8488  11.0003
 17.8488  11.9997
> -Z0.0275
 17.8488  12.9997
 18.8404  12.9997
 18.8404  12.0003
 17.8488  12.0003
 17.8488  12.9997
> -Z0.0235
 17.8488  13.9997
 18.8404  13.9997
 18.8404  13.0003
 17.8488  13.0003
 17.8488  13.9997
> -Z0.0193
 17.8488  14.9997
 18.8404  14.9997
 18.8404  14.0003
 17.8488  14.0003
 17.8488  14.9997
> -Z0.0152
 17.8488  15.9997
 18.8404  15.9997
 18.8404  15.0003
 17.8488  15.0003
 17.8488  15.9997
> -Z0.0113
 17.8488  16.9997
 18.8404  16.9997
 18.8404  16.0003
 17.8488  16.0003
 17.8488  16.9997
> -Z0.0079
 17.8488  17.9997
 18.8404  17.9997
 18.8404  17.0003
 17.8488  17.0003
 17.8488  17.9997
> -Z0.0050
 17.8488  18.9997
 18.8404  18.9997
 18.8404  18.0003
 17.8488  18.0003
 17.8488  18.9997
> -Z0.0024
 17.8488  19.9997
 18.8404  19.9997
 18.8404  19.0003
 17.8488  19.0003
 17.8488  19.9997
