10.016 49.5493 18825
10.0032 49.5554 18700
10.0032 49.5554 18575
9.98304 49.5649 18531
9.97812 49.5673 18425
9.96521 49.5734 18271
9.95289 49.5792 18050
9.95289 49.5792 17925
9.93395 49.5878 17843
9.93272 49.5888 17775
9.92348 49.5929 17669
9.91086 49.599 17508
9.91086 49.599 17508
9.89659 49.6056 17312
9.88636 49.6107 17075
9.87309 49.6169 16979
9.86457 49.621 16800
9.86457 49.621 16675
9.84256 49.6313 16525
9.84108 49.632 16425
9.82378 49.6392 16300
9.81324 49.6432 16150
9.81324 49.6432 16050
9.79342 49.6501 15900
9.78354 49.6532 15775
9.77501 49.6558 15675
9.7633 49.6595 15525
9.75712 49.6615 15425
9.74249 49.6662 15275
9.73266 49.6693 15150
9.72478 49.6718 15050
9.71236 49.6758 14900
9.70483 49.6781 14750
9.69113 49.6825 14625
9.68127 49.6855 14500
9.67187 49.6885 14375
9.66203 49.6916 14250
9.65142 49.695 14125
9.64115 49.6982 14000
9.6313 49.7013 13875
9.62165 49.7043 13750
9.61116 49.7076 13625
9.60287 49.7102 13500
9.5928 49.7134 13400
9.58427 49.716 13250
9.57169 49.72 13125
9.56107 49.7232 13000
9.55068 49.7265 12875
9.54112 49.7295 12750
9.53368 49.7318 12625
9.52567 49.7343 12500
9.51097 49.7389 12375
9.50115 49.742 12275
9.49085 49.7452 12125
9.48113 49.7482 12000
9.47029 49.7516 11875
9.4622 49.7541 11775
9.45062 49.7577 11625
9.44174 49.7604 11550
9.43169 49.7635 11475
9.42144 49.7667 11375
9.41181 49.7697 11300
9.40237 49.7727 11200
9.39309 49.7756 11125
9.38321 49.7786 11050
9.37372 49.7815 11000
9.36421 49.7845 11000
9.35345 49.7878 11000
9.34283 49.7912 11000
9.33462 49.7937 11000
9.32472 49.7968 11000
9.31402 49.8001 11000
9.30549 49.8027 11000
9.29545 49.8058 11000
9.2846 49.8091 11000
9.27417 49.8124 11000
9.26603 49.8149 11000
9.25446 49.8185 11000
9.24514 49.8213 11000
9.23624 49.8241 11000
9.22629 49.8271 11000
9.21587 49.8303 11000
9.2061 49.8332 11000
9.19505 49.8354 11000
9.18568 49.8364 11000
9.17269 49.8364 11000
9.16371 49.8358 11000
9.14995 49.8347 11000
9.13877 49.8337 11000
9.13123 49.8329 11000
9.11612 49.8315 11000
9.1041 49.8304 11000
9.09349 49.8293 11000
9.08287 49.8283 11000
9.07073 49.8271 11000
9.06068 49.8261 11000
9.04876 49.8249 11000
9.03633 49.8237 11000
9.02519 49.8226 11000
9.01458 49.8216 11000
9.00374 49.8205 11000
8.99282 49.8194 11000
8.98046 49.8182 11000
8.96937 49.8172 11000
8.95787 49.8161 11000
8.94718 49.815 11000
8.93528 49.8139 11000
8.92466 49.8129 11000
8.91403 49.8119 11000
8.901 49.8106 11000
8.89011 49.8095 11000
8.87807 49.8084 11000
8.86691 49.8073 11000
8.85572 49.8062 11000
8.84464 49.8052 11000
8.83409 49.8042 11000
8.8226 49.8031 11000
8.81059 49.8019 11000
8.79997 49.8009 11000
8.78825 49.7998 11000
8.77735 49.7987 11000
8.76492 49.7975 11000
8.75469 49.7967 11000
8.74179 49.7962 11000
8.73049 49.796 11000
8.71995 49.7961 11000
8.7097 49.7963 11000
8.69734 49.7964 11000
8.68625 49.7966 11000
8.67421 49.7969 11000
8.66366 49.797 11000
8.65181 49.7973 11000
8.64067 49.7975 10975
8.62976 49.7977 10825
8.61791 49.7978 10650
8.60656 49.798 10475
8.59593 49.7981 10300
8.585 49.7983 10125
8.57379 49.7984 9950
8.56251 49.7986 9800
8.5517 49.7988 9625
8.54001 49.7991 9450
8.52922 49.7993 9275
8.51715 49.7996 9100
8.50646 49.7999 8950
8.49533 49.8001 8775
8.48493 49.8004 8600
8.47484 49.8007 8450
8.46385 49.801 8275
8.45311 49.8013 8100
8.44181 49.8016 7925
8.43089 49.802 7750
8.42037 49.8023 7575
8.40989 49.8026 7425
8.39897 49.8028 7250
8.38842 49.8031 7100
8.37751 49.8034 6925
8.36659 49.8037 6750
8.35607 49.8041 6575
8.34549 49.8044 6475
8.33465 49.8048 6325
8.32511 49.8052 6225
8.31353 49.8056 6100
8.30366 49.8061 6000
8.29319 49.8071 5925
8.28333 49.8086 5875
8.27357 49.8104 5850
8.2641 49.8124 5825
8.25504 49.8142 5800
8.24611 49.8161 5750
8.23678 49.8181 5700
8.22809 49.8199 5625
8.2197 49.8216 5550
8.21042 49.8235 5450
8.2018 49.8252 5375
8.19313 49.827 5275
8.18415 49.8289 5200
8.17524 49.8308 5125
8.16675 49.8326 5075
8.158 49.8344 5075
8.14978 49.8363 5050
8.14221 49.8385 5025
8.13545 49.8416 5000
8.12936 49.8458 5000
8.12513 49.8504 4975
8.12251 49.8552 4925
8.12063 49.8603 4875
8.11912 49.8653 4825
8.11771 49.8704 4750
8.1163 49.8756 4700
8.11499 49.8805 4650
8.11363 49.8855 4625
8.11261 49.8903 4625
8.11275 49.895 4625
8.11478 49.9004 4625
8.11786 49.9046 4625
8.12302 49.9088 4625
8.12929 49.9126 4625
8.13545 49.9158 4625
8.14154 49.9189 4625
8.14807 49.9221 4625
8.15408 49.925 4625
8.16069 49.9282 4625
8.16696 49.9312 4625
8.17339 49.9343 4625
8.17968 49.9373 4600
8.18571 49.9402 4600
8.19161 49.943 4625
8.19782 49.9459 4625
8.20419 49.9483 4600
8.21076 49.9503 4550
8.21762 49.9521 4475
8.2249 49.9538 4400
8.23143 49.9552 4325
8.23908 49.9568 4250
8.24561 49.9582 4150
8.25225 49.9598 4050
8.25926 49.9615 3950
8.26555 49.963 3875
8.27263 49.9647 3750
8.27887 49.9662 3650
8.28514 49.9677 3550
8.29178 49.9693 3450
8.29786 49.9708 3350
8.30381 49.9722 3275
8.30964 49.9736 3175
8.31546 49.975 3100
8.32099 49.9763 3025
8.32677 49.9777 2950
8.33276 49.9792 2850
8.3381 49.9805 2775
8.34397 49.9819 2700
8.34909 49.9831 2625
8.35496 49.9845 2550
8.36067 49.9859 2475
8.36616 49.9872 2400
8.37158 49.9885 2300
8.37752 49.99 2225
8.38279 49.9912 2150
8.38878 49.9927 2050
8.39406 49.994 1975
8.39984 49.9954 1900
8.40512 49.9966 1825
8.41083 49.998 1750
8.41634 49.9993 1675
8.42206 50.0007 1575
8.42763 50.002 1500
8.4328 50.0033 1425
8.4378 50.0045 1350
8.44263 50.0056 1275
8.44682 50.0066 1200
8.4522 50.0079 1125
8.45716 50.0091 1075
8.46177 50.0102 1000
8.46615 50.0113 950
8.47068 50.0125 875
8.47574 50.0137 800
8.48043 50.0148 750
8.48427 50.0157 675
8.48909 50.0168 625
8.49429 50.0181 550
8.49836 50.019 500
8.50306 50.0201 425
8.50812 50.0213 350
8.51238 50.0224 300
8.51693 50.0234 225
8.5217 50.0246 175
8.52647 50.0257 100
8.5291 50.0264 50
8.5291 50.0264 50
8.52863 50.0262 76
8.52863 50.0262 76
8.52863 50.0262 76
8.52863 50.0262 76
8.52863 50.0262 76
8.52863 50.0262 76
8.52863 50.0262 76
8.52863 50.0262 76
8.52863 50.0262 76
8.52863 50.0262 76
