22.8710   96.0400    6.00   3.10 0.0 0.0 0.0    200052
22.7940   96.1800   10.00   2.90 0.0 0.0 0.0    515878
22.2350   97.6340    7.00   3.40 0.0 0.0 0.0    202224
22.4240   97.9690    5.00   3.10 0.0 0.0 0.0    422635
22.7920   97.8020   19.00   2.30 0.0 0.0 0.0    466049
22.9970   97.3010   24.00   2.80 0.0 0.0 0.0    536634
22.8620   98.3670    6.00   3.00 0.0 0.0 0.0    251909
22.9550   98.9640    9.00   2.70 0.0 0.0 0.0    287990
22.9960   98.8930    7.00   2.80 0.0 0.0 0.0    290005
22.4120   98.9870    7.00   3.30 0.0 0.0 0.0    320121
22.9210   98.7690    7.00   2.70 0.0 0.0 0.0    326060
22.4710   98.1550   20.00   3.60 0.0 0.0 0.0    393983
22.7050   99.6040    4.00   3.00 0.0 0.0 0.0    280727
22.7600   99.8070    6.00   3.00 0.0 0.0 0.0    299445
22.6420   99.3520    6.00   3.10 0.0 0.0 0.0    301857
22.8450   99.0960    5.00   3.70 0.0 0.0 0.0    401272
22.9590   99.0820    5.00   2.80 0.0 0.0 0.0    527251
22.2610   99.3940   13.00   3.50 0.0 0.0 0.0    537766
22.3900  100.2300   10.00   4.10 0.0 0.0 0.0    254867
22.6160  100.7470    5.00   3.00 0.0 0.0 0.0    260491
22.5700  100.7480    7.00   4.00 0.0 0.0 0.0    260653
22.1350  100.8020    8.00   3.70 0.0 0.0 0.0    302595
22.6470  100.3660    7.00   3.90 0.0 0.0 0.0    312942
22.6660  100.5160    3.00   3.40 0.0 0.0 0.0    378614
22.7370  101.2560    7.00   2.90 0.0 0.0 0.0    228793
22.2200  101.9500    7.00   4.60 0.0 0.0 0.0    238838
22.7640  101.1590    7.00   4.10 0.0 0.0 0.0    244316
22.0380  101.6550    7.00   3.80 0.0 0.0 0.0    271994
22.8150  101.0280    7.00   4.00 0.0 0.0 0.0    395330
22.8640  101.8110   16.00   3.80 0.0 0.0 0.0    552728
22.7850  102.0950    7.00   3.30 0.0 0.0 0.0    246175
22.7350  102.6290    8.00   3.00 0.0 0.0 0.0    273601
22.4020  102.3250    6.00   3.80 0.0 0.0 0.0    312632
22.6710  102.3310    9.00   3.90 0.0 0.0 0.0    419236
22.8780  102.0150   17.00   3.30 0.0 0.0 0.0    450247
22.5000  102.0500   10.00   4.30 0.0 0.0 0.0    507625
22.9320  103.6400    7.00   2.80 0.0 0.0 0.0    244129
22.6890  103.0520    7.00   2.40 0.0 0.0 0.0    266193
22.4010  103.2220    7.00   2.60 0.0 0.0 0.0    273699
22.7300  103.1040    7.00   2.60 0.0 0.0 0.0    288233
22.9100  103.6400    7.00   4.00 0.0 0.0 0.0    290174
22.8910  103.7620    6.00   2.40 0.0 0.0 0.0    326156
22.9960  103.4750   15.00   3.40 0.0 0.0 0.0    484938
22.9990  103.4740   15.00   3.00 0.0 0.0 0.0    489211
22.9950  103.4990    5.00   2.90 0.0 0.0 0.0    489461
22.9490  104.0940    5.00   2.80 0.0 0.0 0.0    225292
22.9480  104.0910    5.00   2.20 0.0 0.0 0.0    225463
22.8290  104.1340    7.00   3.30 0.0 0.0 0.0    285108
22.9380  104.5850   10.00   2.40 0.0 0.0 0.0    445697
22.9310  104.5650   12.00   2.60 0.0 0.0 0.0    475457
22.8630  104.5440    5.00   2.80 0.0 0.0 0.0    487152
22.8860  104.5900    6.00   2.30 0.0 0.0 0.0    511364
22.9190  104.6240   22.00   2.20 0.0 0.0 0.0    521129
22.8990  104.5730   11.00   2.80 0.0 0.0 0.0    547254
22.9310  104.5330   16.00   2.30 0.0 0.0 0.0    551173
22.5350  105.7490   10.00   2.00 0.0 0.0 0.0    219989
22.7980  105.1790    9.00   2.10 0.0 0.0 0.0    257398
22.4170  105.0770    7.00   2.60 0.0 0.0 0.0    276885
22.5140  105.1550    7.00   2.90 0.0 0.0 0.0    277991
22.4900  105.1670    8.00   2.80 0.0 0.0 0.0    278303
22.4880  105.1970    6.00   2.60 0.0 0.0 0.0    303742
22.8320  105.0600   11.00   1.70 0.0 0.0 0.0    376068
22.8240  105.2170    7.00   2.10 0.0 0.0 0.0    489464
22.8030  106.1300    7.00   3.50 0.0 0.0 0.0    268787
23.0820   96.1790   10.00   3.80 0.0 0.0 0.0    489343
23.5430   96.3070   12.00   3.10 0.0 0.0 0.0    519865
23.7260   96.9950   28.00   2.80 0.0 0.0 0.0    582901
23.9610   97.5560    6.00   3.00 0.0 0.0 0.0    304943
23.5820   97.7990    6.00   2.90 0.0 0.0 0.0    312378
23.9670   97.5910   11.00   2.40 0.0 0.0 0.0    370050
23.9490   97.5460    4.00   3.50 0.0 0.0 0.0    370998
23.9130   97.6650    8.00   2.70 0.0 0.0 0.0    383609
23.8210   97.6630   15.00   3.50 0.0 0.0 0.0    390296
23.9620   97.7840   19.00   3.10 0.0 0.0 0.0    507922
23.5860   97.9830   20.00   3.90 0.0 0.0 0.0    566388
23.7160   98.5600    7.00   3.40 0.0 0.0 0.0    276238
23.3350   98.3260   10.00   4.20 0.0 0.0 0.0    287436
23.9520   98.8620    6.00   3.50 0.0 0.0 0.0    335740
23.5220   98.9650   11.00   4.10 0.0 0.0 0.0    471568
23.5330   98.9570   19.00   4.50 0.0 0.0 0.0    471597
23.5400   98.9400   10.00   4.50 0.0 0.0 0.0    471826
23.4730   99.4650    7.00   3.80 0.0 0.0 0.0    264277
23.7500   99.9840    4.00   3.00 0.0 0.0 0.0    320714
23.8880   99.5780    7.00   3.20 0.0 0.0 0.0    331964
23.8960   99.5960    5.00   3.70 0.0 0.0 0.0    332062
23.9740   99.9560    8.00   3.80 0.0 0.0 0.0    352833
23.9220   99.6050    4.00   3.00 0.0 0.0 0.0    386855
23.0890  100.9450    7.00   3.90 0.0 0.0 0.0    242472
23.8030  100.8180    6.00   3.00 0.0 0.0 0.0    321837
23.3400  100.0800   14.00   4.20 0.0 0.0 0.0    325636
23.7100  100.6900   10.00   4.00 0.0 0.0 0.0    378282
23.7630  100.0140   22.00   3.00 0.0 0.0 0.0    436436
23.3200  100.4900   10.00   5.90 0.0 0.0 0.0    456357
23.3300  100.5000   10.00   5.90 0.0 0.0 0.0    456937
23.0090  101.0390    6.00   3.70 0.0 0.0 0.0    238723
23.0840  101.5990    6.00   4.10 0.0 0.0 0.0    279289
23.0800  101.2200   10.00   4.20 0.0 0.0 0.0    320341
23.3910  101.6020   10.00   4.10 0.0 0.0 0.0    341737
23.9070  101.3590   18.00   3.40 0.0 0.0 0.0    471344
23.2410  101.3770   15.00   3.80 0.0 0.0 0.0    524790
23.3600  101.5950   22.00   3.70 0.0 0.0 0.0    545801
23.1940  101.3530   14.00   3.60 0.0 0.0 0.0    556445
23.7390  102.0400    6.00   2.90 0.0 0.0 0.0    271301
23.7280  102.0330    7.00   3.70 0.0 0.0 0.0    271334
23.8680  102.8410    9.00   3.00 0.0 0.0 0.0    416858
23.8930  102.8490   18.00   3.40 0.0 0.0 0.0    473325
23.8600  102.2980   13.00   2.90 0.0 0.0 0.0    484854
23.8960  102.9000   11.00   2.50 0.0 0.0 0.0    552976
23.6140  103.1090    5.00   3.80 0.0 0.0 0.0    265263
23.7310  103.1520    7.00   2.90 0.0 0.0 0.0    311350
23.7450  103.3200    5.00   3.10 0.0 0.0 0.0    404573
23.2900  103.2040    3.00   2.80 0.0 0.0 0.0    508818
23.2840  103.2020   11.00   3.80 0.0 0.0 0.0    515111
23.3020  103.2090   11.00   3.40 0.0 0.0 0.0    517650
23.7530  103.3130   15.00   3.60 0.0 0.0 0.0    548458
23.7380  103.3090   18.00   3.70 0.0 0.0 0.0    551695
23.6360  104.3020    7.00   3.10 0.0 0.0 0.0    266854
23.0570  104.1680    6.00   3.10 0.0 0.0 0.0    267286
23.6020  104.0600    6.00   3.20 0.0 0.0 0.0    267692
23.2390  104.3500    8.00   2.60 0.0 0.0 0.0    271597
23.5730  104.0840    6.00   2.60 0.0 0.0 0.0    285300
23.5670  104.0720    8.00   3.10 0.0 0.0 0.0    285960
23.0490  104.1760    8.00   3.20 0.0 0.0 0.0    301255
23.9710  104.8230    8.00   2.90 0.0 0.0 0.0    308603
23.5380  104.0800   14.00   2.00 0.0 0.0 0.0    357029
23.5640  104.4380    5.00   2.30 0.0 0.0 0.0    529359
23.2210  105.0090    7.00   2.10 0.0 0.0 0.0    202167
23.6980  105.5570    8.00   2.50 0.0 0.0 0.0    235976
23.8980  105.0800    6.00   2.10 0.0 0.0 0.0    241691
23.0400  105.0730    7.00   2.20 0.0 0.0 0.0    258452
23.8820  105.0440    6.00   2.10 0.0 0.0 0.0    279867
23.8070  105.5110    5.00   2.60 0.0 0.0 0.0    305704
23.7440  105.4380    5.00   2.20 0.0 0.0 0.0    336443
23.8280  105.3620    6.00   2.30 0.0 0.0 0.0    376540
23.5010  105.9140    5.00   2.20 0.0 0.0 0.0    399293
23.5200  105.3040   10.00   2.10 0.0 0.0 0.0    420806
23.0050  105.1600   10.00   3.20 0.0 0.0 0.0    500904
23.1800  105.3830    8.00   2.90 0.0 0.0 0.0    516747
23.7500  106.0870    5.00   2.50 0.0 0.0 0.0    224993
23.2540  106.5810   10.00   2.60 0.0 0.0 0.0    250780
23.9620  106.1650    6.00   3.70 0.0 0.0 0.0    271661
23.4810  106.0850    7.00   2.80 0.0 0.0 0.0    395543
23.2190  106.2170    4.00   3.70 0.0 0.0 0.0    535463
23.5580  106.3720    7.00   2.80 0.0 0.0 0.0    547384
23.5550  106.3810   10.00   3.20 0.0 0.0 0.0    547721
23.2030  106.1710    6.00   3.50 0.0 0.0 0.0    573873
23.1780  106.2130    8.00   2.80 0.0 0.0 0.0    576847
24.9800   96.3990    6.00   3.10 0.0 0.0 0.0    323153
24.0590   96.5150   10.00   3.20 0.0 0.0 0.0    328257
24.5430   96.2790   12.00   3.80 0.0 0.0 0.0    476127
24.8560   96.5350    5.00   3.90 0.0 0.0 0.0    508869
24.6980   96.8740   20.00   2.80 0.0 0.0 0.0    511869
24.1450   96.5820   17.00   3.00 0.0 0.0 0.0    578850
24.7200   97.9200   10.00   4.50 0.0 0.0 0.0    277116
24.6500   97.9500   10.00   5.90 0.0 0.0 0.0    283716
24.7170   97.8500    6.00   4.00 0.0 0.0 0.0    286445
24.9950   97.7200   16.00   4.20 0.0 0.0 0.0    392708
24.9800   97.8300   12.00   5.90 0.0 0.0 0.0    407958
24.9810   97.8280    9.00   3.90 0.0 0.0 0.0    410520
24.9960   97.8370    5.00   4.20 0.0 0.0 0.0    410959
24.9900   97.7400   11.00   4.20 0.0 0.0 0.0    417278
24.9890   97.8640   10.00   4.00 0.0 0.0 0.0    417707
24.9760   98.3110    6.00   3.80 0.0 0.0 0.0    254596
24.9600   98.3500   11.00   4.30 0.0 0.0 0.0    254721
24.9940   98.3220    6.00   3.40 0.0 0.0 0.0    254780
24.9500   98.3300   11.00   4.00 0.0 0.0 0.0    254901
24.9780   98.9180    5.00   3.90 0.0 0.0 0.0    285769
24.7390   98.6600   12.00   3.30 0.0 0.0 0.0    500339
24.7300   98.6640   14.00   3.40 0.0 0.0 0.0    500341
24.8500   99.2100    5.00   4.80 0.0 0.0 0.0    261311
24.9200   99.2300   11.00   4.10 0.0 0.0 0.0    262486
24.9000   99.2000   11.00   4.10 0.0 0.0 0.0    262492
24.9000   99.2200    9.00   4.10 0.0 0.0 0.0    262495
24.8970   99.2030    9.00   3.50 0.0 0.0 0.0    267055
24.8760   99.1920    6.00   3.50 0.0 0.0 0.0    268712
24.6820  100.5770    7.00   3.30 0.0 0.0 0.0    285648
24.3130  100.9030    8.00   2.80 0.0 0.0 0.0    312147
24.0690  100.0400    6.00   3.10 0.0 0.0 0.0    326668
24.5540  100.6740   10.00   3.40 0.0 0.0 0.0    330647
24.7970  100.0360   18.00   3.10 0.0 0.0 0.0    387538
24.9390  100.0650   10.00   3.80 0.0 0.0 0.0    515620
24.7010  100.4570   17.00   2.80 0.0 0.0 0.0    518841
24.7900  101.0400   13.00   4.20 0.0 0.0 0.0    241005
24.4080  101.9170    6.00   2.80 0.0 0.0 0.0    266356
24.4360  101.9890   12.00   3.40 0.0 0.0 0.0    478404
24.4210  101.9710   10.00   3.50 0.0 0.0 0.0    478504
24.4150  101.9680    8.00   4.10 0.0 0.0 0.0    481265
24.7530  101.7010    6.00   3.20 0.0 0.0 0.0    491916
24.7270  101.7200   12.00   2.60 0.0 0.0 0.0    496477
24.8850  101.5130   16.00   3.40 0.0 0.0 0.0    516832
24.2700  102.4360    7.00   3.70 0.0 0.0 0.0    308783
24.5880  102.5150    6.00   3.00 0.0 0.0 0.0    368804
24.9770  102.1850    5.00   3.80 0.0 0.0 0.0    428176
24.3550  102.6120   13.00   3.00 0.0 0.0 0.0    519260
24.3080  102.2640   14.00   4.00 0.0 0.0 0.0    551143
24.4720  102.3720   12.00   2.70 0.0 0.0 0.0    566933
24.8630  103.9140    6.00   2.80 0.0 0.0 0.0    287189
24.8950  103.0340    5.00   2.60 0.0 0.0 0.0    312897
24.6190  103.0340    7.00   2.90 0.0 0.0 0.0    319404
24.3670  103.9030    7.00   3.20 0.0 0.0 0.0    403492
24.3610  103.9130    5.00   3.50 0.0 0.0 0.0    403504
24.2040  103.6470   16.00   3.90 0.0 0.0 0.0    566043
24.4450  104.4180    7.00   2.90 0.0 0.0 0.0    261245
24.5320  104.2630    6.00   3.10 0.0 0.0 0.0    274426
24.7530  104.7050    5.00   3.30 0.0 0.0 0.0    296588
24.8690  104.7240    5.00   3.60 0.0 0.0 0.0    473607
24.2650  104.8940   19.00   2.90 0.0 0.0 0.0    522146
24.6520  104.2380   10.00   2.60 0.0 0.0 0.0    573119
24.9770  105.0600    7.00   3.40 0.0 0.0 0.0    232502
24.9500  105.0710    7.00   2.30 0.0 0.0 0.0    232651
24.9140  105.0140    9.00   2.00 0.0 0.0 0.0    290776
24.6110  105.4090    5.00   3.00 0.0 0.0 0.0    300764
24.9460  105.3090    6.00   2.60 0.0 0.0 0.0    485160
24.1200  105.0450   11.00   2.00 0.0 0.0 0.0    550745
24.7190  105.0800    9.00   2.50 0.0 0.0 0.0    568885
24.3820  106.8970    5.00   2.80 0.0 0.0 0.0    264592
24.9920  106.2060    9.00   2.10 0.0 0.0 0.0    315045
24.4230  106.0850    5.00   3.00 0.0 0.0 0.0    430286
25.9030   96.9220   19.00   3.10 0.0 0.0 0.0    360227
25.0630   96.5440    5.00   3.00 0.0 0.0 0.0    361768
25.4130   96.5990   16.00   3.50 0.0 0.0 0.0    398375
25.4880   96.6130   10.00   2.80 0.0 0.0 0.0    417897
25.4120   96.7450   21.00   3.10 0.0 0.0 0.0    465936
25.4100   96.5700    8.00   4.10 0.0 0.0 0.0    466136
25.0920   96.7100   17.00   3.00 0.0 0.0 0.0    467976
25.1680   96.6410   10.00   2.80 0.0 0.0 0.0    502475
25.3880   96.6320   12.00   3.80 0.0 0.0 0.0    583487
25.0150   97.8370    5.00   3.90 0.0 0.0 0.0    407973
25.0110   97.8600   10.00   3.70 0.0 0.0 0.0    407981
25.0400   97.8480   10.00   3.90 0.0 0.0 0.0    408052
25.0200   97.8000   12.00   6.10 0.0 0.0 0.0    410042
25.0510   97.8260    4.00   4.10 0.0 0.0 0.0    410310
25.0410   97.8300    5.00   3.80 0.0 0.0 0.0    415525
25.2440   98.8820    6.00   3.50 0.0 0.0 0.0    259131
25.9280   98.5360    6.00   3.70 0.0 0.0 0.0    290421
25.0460   98.6460    6.00   3.70 0.0 0.0 0.0    292495
25.0620   98.6650    7.00   4.00 0.0 0.0 0.0    294220
25.9550   98.9080    9.00   4.10 0.0 0.0 0.0    358152
25.9050   98.6730   18.00   3.60 0.0 0.0 0.0    463757
25.8780   98.8060   15.00   4.00 0.0 0.0 0.0    560623
25.0990   99.9790    5.00   3.80 0.0 0.0 0.0    325387
25.7100   99.8600   10.00   4.50 0.0 0.0 0.0    530579
25.7400   99.8600   10.00   4.40 0.0 0.0 0.0    530584
25.8100   99.8100   10.00   4.40 0.0 0.0 0.0    542606
25.8900   99.8000   12.00   5.10 0.0 0.0 0.0    542647
25.8700   99.8100   10.00   4.90 0.0 0.0 0.0    542655
25.5840  100.9800    6.00   4.10 0.0 0.0 0.0    239480
25.5980  100.9810    7.00   4.10 0.0 0.0 0.0    240196
25.8100  100.6230    5.00   4.10 0.0 0.0 0.0    393161
25.8820  100.5030    7.00   4.10 0.0 0.0 0.0    422961
25.8640  100.4810    5.00   3.90 0.0 0.0 0.0    423658
25.4350  100.3270   17.00   3.60 0.0 0.0 0.0    547878
25.5400  101.0400   10.00   4.90 0.0 0.0 0.0    231512
25.4200  101.9400   20.00   5.20 0.0 0.0 0.0    251628
25.4130  101.9180    6.00   2.90 0.0 0.0 0.0    257248
25.4250  101.9360    6.00   3.30 0.0 0.0 0.0    264298
25.4280  101.9360    6.00   3.20 0.0 0.0 0.0    264731
25.4440  101.9160    6.00   3.60 0.0 0.0 0.0    268297
25.6110  101.7520    7.00   3.10 0.0 0.0 0.0    271761
25.5110  101.9020   12.00   3.80 0.0 0.0 0.0    478944
25.7560  102.2870    9.00   3.10 0.0 0.0 0.0    244918
25.7650  102.2800    7.00   3.30 0.0 0.0 0.0    251137
25.7480  102.2900    7.00   4.00 0.0 0.0 0.0    251232
25.7640  102.2710    5.00   3.20 0.0 0.0 0.0    251295
25.9110  102.1990   10.00   3.30 0.0 0.0 0.0    362396
25.8030  102.2690   12.00   3.00 0.0 0.0 0.0    478893
25.8730  102.2940    5.00   3.10 0.0 0.0 0.0    557315
25.4210  103.8940    7.00   2.90 0.0 0.0 0.0    232295
25.6280  103.1260    6.00   2.30 0.0 0.0 0.0    239009
25.6120  103.8440    6.00   2.50 0.0 0.0 0.0    305358
25.8460  103.0290    5.00   2.10 0.0 0.0 0.0    340563
25.3100  103.0900   16.00   4.60 0.0 0.0 0.0    472697
25.2520  103.1510    9.00   2.90 0.0 0.0 0.0    583542
25.4900  104.6420    8.00   3.00 0.0 0.0 0.0    233915
25.4110  104.5990    9.00   2.70 0.0 0.0 0.0    239866
25.4780  104.5850    7.00   2.60 0.0 0.0 0.0    241818
25.4900  104.6010    6.00   2.60 0.0 0.0 0.0    243059
25.7890  104.1170    9.00   2.70 0.0 0.0 0.0    243224
25.4640  104.6820    6.00   3.20 0.0 0.0 0.0    264748
25.1530  104.2520   19.00   3.60 0.0 0.0 0.0    526861
25.5500  105.7200    7.00   3.80 0.0 0.0 0.0    247098
25.5100  105.7500    7.00   4.30 0.0 0.0 0.0    271613
25.5000  105.7560    5.00   3.90 0.0 0.0 0.0    300771
25.5050  105.7500    5.00   2.40 0.0 0.0 0.0    343838
25.5270  105.7420    5.00   3.10 0.0 0.0 0.0    352083
25.6950  105.2710   10.00   2.40 0.0 0.0 0.0    504146
25.4870  105.7700   16.00   2.50 0.0 0.0 0.0    519091
25.1510  106.7900    8.00   3.50 0.0 0.0 0.0    206498
25.4150  106.7200    7.00   2.80 0.0 0.0 0.0    207103
25.6100  106.8900    9.00   4.10 0.0 0.0 0.0    211309
25.2000  106.7300    7.00   4.30 0.0 0.0 0.0    270540
25.8650  106.3110    4.00   1.80 0.0 0.0 0.0    277107
25.6900  106.4490    8.00   2.40 0.0 0.0 0.0    279543
25.1910  106.0920    5.00   2.00 0.0 0.0 0.0    283054
25.2390  106.0900    6.00   1.80 0.0 0.0 0.0    286528
25.1180  106.0950    7.00   1.70 0.0 0.0 0.0    287991
25.6800  106.4610    9.00   3.50 0.0 0.0 0.0    288563
25.2150  106.0820    5.00   1.70 0.0 0.0 0.0    288783
25.7170  106.4050    7.00   3.20 0.0 0.0 0.0    303457
25.3270  106.8370    9.00   2.30 0.0 0.0 0.0    336037
25.2390  106.7030   10.00   2.20 0.0 0.0 0.0    526430
25.4950  106.5070   21.00   2.30 0.0 0.0 0.0    533854
26.4780   96.1720    9.00   2.60 0.0 0.0 0.0    202211
26.8190   96.9780    8.00   3.70 0.0 0.0 0.0    202229
26.3100   96.8880    8.00   2.80 0.0 0.0 0.0    322763
26.1280   96.9670    5.00   2.70 0.0 0.0 0.0    491460
26.4200   96.7460    2.00   3.00 0.0 0.0 0.0    514773
26.4050   96.8350    5.00   2.50 0.0 0.0 0.0    540522
26.1180   96.9800    6.00   2.70 0.0 0.0 0.0    570998
26.9160   97.5600    6.00   3.00 0.0 0.0 0.0    236686
26.2990   97.0490    7.00   3.30 0.0 0.0 0.0    328893
26.5490   97.4490   10.00   2.50 0.0 0.0 0.0    391610
26.1130   97.7700    7.00   2.90 0.0 0.0 0.0    406705
26.5410   97.1950   10.00   3.00 0.0 0.0 0.0    473474
26.6700   97.8390    5.00   2.00 0.0 0.0 0.0    530337
26.1400   97.0120    8.00   2.90 0.0 0.0 0.0    532617
26.2300   97.1230   29.00   2.30 0.0 0.0 0.0    536317
26.9530   98.0070    5.00   2.80 0.0 0.0 0.0    255230
26.0440   98.8100    5.00   2.20 0.0 0.0 0.0    301444
26.1530   98.3190    7.00   2.60 0.0 0.0 0.0    306292
26.1610   98.5020    7.00   2.20 0.0 0.0 0.0    319034
26.0240   98.9650    6.00   2.60 0.0 0.0 0.0    329055
26.0310   98.7950    5.00   2.20 0.0 0.0 0.0    534267
26.3000   99.7600    5.00   4.60 0.0 0.0 0.0    245993
26.1660   99.9320    6.00   3.50 0.0 0.0 0.0    337240
26.0660   99.5900    9.00   3.60 0.0 0.0 0.0    504057
26.0890   99.5810   11.00   3.40 0.0 0.0 0.0    504282
26.0950   99.5740    8.00   3.20 0.0 0.0 0.0    512864
26.0820   99.5840   17.00   5.10 0.0 0.0 0.0    512947
26.1170   99.5950    8.00   4.30 0.0 0.0 0.0    518457
26.1040   99.5910   10.00   3.80 0.0 0.0 0.0    525288
26.2230   99.4910   18.00   3.60 0.0 0.0 0.0    540021
26.2940  100.0050    5.00   3.50 0.0 0.0 0.0    310356
26.1680  100.5850   14.00   3.80 0.0 0.0 0.0    401850
26.1700  100.5700   14.00   4.20 0.0 0.0 0.0    401908
26.1590  100.5330   22.00   2.70 0.0 0.0 0.0    513496
26.9890  100.7790   22.00   3.20 0.0 0.0 0.0    554289
26.1540  100.5730   21.00   3.50 0.0 0.0 0.0    576670
26.2290  101.2170    6.00   2.40 0.0 0.0 0.0    256784
26.9900  101.2200   20.00   2.60 0.0 0.0 0.0    315617
26.3350  101.3350   10.00   2.90 0.0 0.0 0.0    340186
26.8600  101.1700   33.00   4.50 0.0 0.0 0.0    392141
26.8520  101.1690   12.00   2.80 0.0 0.0 0.0    394402
26.3540  101.3410   15.00   2.40 0.0 0.0 0.0    491327
26.7340  101.0560   24.00   3.10 0.0 0.0 0.0    544106
26.1820  101.2830   15.00   2.70 0.0 0.0 0.0    554364
26.6600  102.9400   12.00   4.50 0.0 0.0 0.0    287536
26.6400  102.9400   12.00   3.90 0.0 0.0 0.0    289100
26.6600  102.9700    7.00   3.70 0.0 0.0 0.0    289111
26.9000  102.3400   18.00   3.10 0.0 0.0 0.0    310314
26.4900  102.5200   13.00   4.20 0.0 0.0 0.0    330033
26.6130  102.1000   18.00   3.80 0.0 0.0 0.0    508389
26.0600  103.1280    6.00   3.40 0.0 0.0 0.0    270557
26.2030  103.0470    7.00   3.60 0.0 0.0 0.0    328031
26.3600  103.0100   10.00   4.60 0.0 0.0 0.0    381098
26.8650  103.1180   15.00   3.30 0.0 0.0 0.0    475955
26.9600  103.4600   10.00   4.70 0.0 0.0 0.0    522492
26.9660  103.1240    6.00   3.60 0.0 0.0 0.0    538715
26.6020  104.3100    5.00   3.40 0.0 0.0 0.0    205364
26.8500  104.1180   14.00   3.80 0.0 0.0 0.0    220538
26.8500  104.2210    6.00   3.30 0.0 0.0 0.0    222282
26.9040  104.0990    2.00   3.50 0.0 0.0 0.0    239947
26.8520  104.1830    6.00   2.90 0.0 0.0 0.0    267484
26.8400  104.1420    6.00   3.30 0.0 0.0 0.0    300396
26.1690  105.3680    8.00   3.60 0.0 0.0 0.0    202230
26.0710  105.3470    5.00   3.30 0.0 0.0 0.0    212945
26.0110  105.2780   10.00   4.00 0.0 0.0 0.0    246630
26.5240  105.3360    6.00   3.10 0.0 0.0 0.0    492501
26.0840  105.2110   10.00   3.60 0.0 0.0 0.0    499895
26.7560  105.2160   23.00   2.90 0.0 0.0 0.0    583829
26.4720  106.4640    9.00   1.90 0.0 0.0 0.0    315369
26.2860  106.7110    9.00   2.50 0.0 0.0 0.0    480846
26.1540  106.2070   18.00   2.10 0.0 0.0 0.0    495277
27.5470   96.8590    3.00   2.70 0.0 0.0 0.0    332716
27.1230   96.7840    7.00   3.50 0.0 0.0 0.0    347568
27.6170   96.7980    7.00   2.60 0.0 0.0 0.0    382706
27.6860   96.7350    8.00   3.50 0.0 0.0 0.0    394203
27.6390   96.6780    5.00   2.90 0.0 0.0 0.0    394213
27.3460   96.7910    6.00   3.10 0.0 0.0 0.0    394291
27.7200   96.9930    5.00   3.50 0.0 0.0 0.0    421834
27.2360   96.8030   10.00   3.00 0.0 0.0 0.0    446910
27.5130   96.7080    8.00   2.90 0.0 0.0 0.0    521887
27.7570   96.4490    6.00   3.10 0.0 0.0 0.0    570856
27.6660   97.6860    6.00   3.10 0.0 0.0 0.0    249054
27.7670   97.4150   10.00   2.70 0.0 0.0 0.0    335478
27.8070   97.6140    7.00   2.50 0.0 0.0 0.0    400660
27.0820   97.6630   12.00   3.10 0.0 0.0 0.0    474996
27.7400   97.5300   12.00   2.80 0.0 0.0 0.0    484383
27.9640   97.8840   12.00   2.50 0.0 0.0 0.0    537500
27.9780   98.5370    8.00   1.50 0.0 0.0 0.0    382896
27.5750   98.5450   10.00   1.80 0.0 0.0 0.0    477926
27.1640   98.2610    8.00   3.00 0.0 0.0 0.0    515391
27.2920   98.9020   25.00   1.60 0.0 0.0 0.0    581837
27.7400   98.0510    7.00   2.60 0.0 0.0 0.0    583218
27.7230   99.9370    9.00   3.70 0.0 0.0 0.0    254948
27.6450   99.7890   12.00   3.10 0.0 0.0 0.0    359600
27.0410   99.2150   10.00   2.30 0.0 0.0 0.0    400378
27.7600   99.8660   17.00   2.90 0.0 0.0 0.0    545466
27.7830   99.8640   17.00   3.40 0.0 0.0 0.0    546037
27.7640   99.8630   16.00   3.10 0.0 0.0 0.0    546044
27.0800  100.8800    4.00   4.30 0.0 0.0 0.0    244092
27.7100  100.6900   11.00   5.70 0.0 0.0 0.0    315301
27.0670  100.7800   25.00   2.80 0.0 0.0 0.0    475418
27.0120  100.8420    5.00   3.70 0.0 0.0 0.0    534914
27.2850  100.2900   15.00   3.60 0.0 0.0 0.0    570896
27.0580  100.8610    8.00   3.60 0.0 0.0 0.0    571058
27.0900  101.9400   15.00   3.80 0.0 0.0 0.0    279855
27.8940  101.4010   12.00   3.10 0.0 0.0 0.0    402342
27.9600  101.3820   12.00   2.90 0.0 0.0 0.0    481749
27.9200  101.4030    9.00   3.40 0.0 0.0 0.0    531862
27.8900  101.3800   10.00   4.40 0.0 0.0 0.0    533191
27.2400  101.4320   16.00   3.30 0.0 0.0 0.0    566760
27.2520  101.0090   18.00   3.20 0.0 0.0 0.0    577632
27.3500  102.5000    7.00   3.70 0.0 0.0 0.0    247475
27.1300  102.9800    8.00   4.20 0.0 0.0 0.0    270812
27.1200  102.9900    9.00   4.30 0.0 0.0 0.0    275453
27.0400  102.7500   10.00   4.20 0.0 0.0 0.0    331777
27.0840  102.8940   13.00   3.00 0.0 0.0 0.0    477142
27.4400  102.4900   10.00   4.00 0.0 0.0 0.0    486173
27.1300  103.0200   10.00   4.90 0.0 0.0 0.0    268748
27.1000  103.1000   10.00   4.90 0.0 0.0 0.0    336148
27.0460  103.3880   10.00   4.00 0.0 0.0 0.0    426013
27.1120  103.3060   12.00   3.90 0.0 0.0 0.0    446701
27.1290  103.3480    5.00   3.20 0.0 0.0 0.0    476688
27.0900  103.3700   10.00   4.90 0.0 0.0 0.0    541231
27.0900  103.4100   10.00   4.50 0.0 0.0 0.0    543962
27.5800  104.0100    9.00   4.40 0.0 0.0 0.0    323933
27.5600  104.0300   14.00   5.60 0.0 0.0 0.0    323941
27.5560  104.0180    5.00   3.60 0.0 0.0 0.0    324073
27.5650  104.0040    6.00   3.70 0.0 0.0 0.0    324301
27.5040  104.0230    7.00   3.50 0.0 0.0 0.0    332969
27.5150  104.0010    6.00   3.40 0.0 0.0 0.0    333176
27.5560  104.0140   10.00   3.20 0.0 0.0 0.0    469704
27.9940  105.0480    7.00   2.20 0.0 0.0 0.0    269480
27.2970  105.7500    8.00   3.00 0.0 0.0 0.0    339238
27.1780  105.9360    5.00   2.70 0.0 0.0 0.0    367410
27.9690  105.4860    5.00   2.90 0.0 0.0 0.0    401749
27.0310  105.6780   11.00   2.50 0.0 0.0 0.0    472366
27.9870  105.5470   23.00   2.20 0.0 0.0 0.0    491571
27.8820  105.1100   10.00   1.90 0.0 0.0 0.0    504823
27.3770  106.0980   12.00   2.40 0.0 0.0 0.0    206022
27.6800  106.3500   13.00   2.90 0.0 0.0 0.0    226238
27.4540  106.1620    9.00   2.80 0.0 0.0 0.0    287501
27.3700  106.1600    8.00   2.20 0.0 0.0 0.0    307237
27.4230  106.2310    9.00   2.70 0.0 0.0 0.0    309559
27.4020  106.2220    7.00   1.80 0.0 0.0 0.0    349896
27.0870  106.3390    8.00   2.30 0.0 0.0 0.0    351779
27.4600  106.1840   19.00   3.40 0.0 0.0 0.0    451315
27.4210  106.1510    6.00   3.60 0.0 0.0 0.0    492427
28.8650   96.1280    7.00   2.70 0.0 0.0 0.0    304363
28.7420   96.3340    6.00   2.70 0.0 0.0 0.0    305740
28.8830   96.0150    6.00   2.20 0.0 0.0 0.0    308375
28.8220   96.0180    8.00   2.90 0.0 0.0 0.0    309783
28.8610   96.0120    8.00   3.30 0.0 0.0 0.0    317305
28.8160   96.0340    7.00   3.30 0.0 0.0 0.0    327202
28.9500   96.7610   10.00   3.00 0.0 0.0 0.0    329051
28.4780   96.7770    7.00   3.50 0.0 0.0 0.0    356953
28.8030   96.2020    6.00   3.20 0.0 0.0 0.0    397846
28.6030   96.1340    9.00   3.50 0.0 0.0 0.0    422552
28.3120   96.7160    7.00   3.20 0.0 0.0 0.0    444434
28.3230   96.5890    9.00   3.00 0.0 0.0 0.0    451593
28.4540   96.4090    5.00   3.40 0.0 0.0 0.0    471353
28.5800   96.3100    5.00   4.10 0.0 0.0 0.0    474787
28.8300   96.0120    6.00   3.40 0.0 0.0 0.0    477148
28.5100   96.5620    6.00   3.10 0.0 0.0 0.0    532582
28.5090   96.1400    6.00   3.20 0.0 0.0 0.0    535529
28.7750   96.0430    7.00   2.70 0.0 0.0 0.0    536413
28.5800   96.1940    7.00   2.80 0.0 0.0 0.0    538788
28.5810   96.3430    9.00   4.30 0.0 0.0 0.0    577233
28.5590   96.3930    4.00   3.10 0.0 0.0 0.0    578976
28.8070   97.7610    9.00   1.60 0.0 0.0 0.0    241039
28.8310   97.7660    5.00   3.10 0.0 0.0 0.0    241040
28.9410   97.1060    6.00   2.90 0.0 0.0 0.0    295819
28.3250   97.6520    6.00   2.30 0.0 0.0 0.0    312743
28.5180   97.8310    7.00   2.70 0.0 0.0 0.0    315197
28.3460   97.0170    8.00   2.90 0.0 0.0 0.0    326785
28.8180   97.6300    9.00   3.10 0.0 0.0 0.0    330639
28.7140   97.7480    7.00   1.90 0.0 0.0 0.0    379835
28.7810   97.6240    8.00   2.20 0.0 0.0 0.0    384614
28.5830   97.0100    6.00   2.40 0.0 0.0 0.0    433523
28.2630   97.9450   14.00   2.40 0.0 0.0 0.0    436472
28.5520   97.6900    3.00   2.70 0.0 0.0 0.0    555596
28.1310   98.3930    9.00   3.00 0.0 0.0 0.0    201889
28.8660   98.2540   10.00   2.90 0.0 0.0 0.0    245233
28.9530   98.1680    7.00   2.40 0.0 0.0 0.0    437580
28.9640   98.0810    6.00   3.40 0.0 0.0 0.0    475454
28.4040   98.9690   15.00   2.10 0.0 0.0 0.0    485359
28.4270   98.1620    8.00   3.50 0.0 0.0 0.0    533059
28.2000   99.3300    9.00   5.20 0.0 0.0 0.0    363860
28.1500   99.3500   10.00   5.90 0.0 0.0 0.0    364634
28.1900   99.3700   20.00   4.20 0.0 0.0 0.0    366286
28.2340   99.3740    9.00   3.10 0.0 0.0 0.0    373348
28.1900   99.5100   10.00   4.60 0.0 0.0 0.0    383898
28.2680   99.4500    8.00   3.20 0.0 0.0 0.0    395251
28.2390   99.5070   10.00   3.60 0.0 0.0 0.0    404805
28.2000  100.9800    5.00   3.00 0.0 0.0 0.0    225412
28.9400  100.9200    2.00   2.20 0.0 0.0 0.0    267316
28.0900  100.9500    3.00   3.20 0.0 0.0 0.0    306674
28.9460  100.3240   17.00   3.00 0.0 0.0 0.0    368859
28.2100  100.8180   15.00   2.60 0.0 0.0 0.0    500786
28.1840  100.6380   16.00   2.60 0.0 0.0 0.0    536407
28.9690  100.8900   12.00   2.90 0.0 0.0 0.0    555837
28.1730  101.7810    1.00   2.50 0.0 0.0 0.0    212363
28.2200  101.1500    5.00   2.20 0.0 0.0 0.0    220072
28.2600  101.7200    6.00   2.70 0.0 0.0 0.0    252208
28.1200  101.0900    9.00   3.90 0.0 0.0 0.0    304862
28.1300  101.0800    9.00   2.80 0.0 0.0 0.0    305963
28.1720  101.1610   10.00   2.90 0.0 0.0 0.0    541119
28.9200  102.4200   23.00   3.00 0.0 0.0 0.0    242094
28.7300  102.6500   11.00   3.40 0.0 0.0 0.0    245629
28.7200  102.6300    5.00   2.30 0.0 0.0 0.0    262899
28.9700  102.3500    5.00   2.40 0.0 0.0 0.0    276818
28.8800  102.6000   10.00   3.50 0.0 0.0 0.0    305998
28.3800  102.7400   10.00   5.20 0.0 0.0 0.0    436920
28.7600  103.5500    7.00   2.70 0.0 0.0 0.0    267107
28.1200  103.5100    7.00   5.20 0.0 0.0 0.0    427224
28.5570  103.6590    8.00   3.60 0.0 0.0 0.0    478974
28.3650  103.3740   12.00   3.40 0.0 0.0 0.0    515932
28.1050  103.4650    8.00   3.70 0.0 0.0 0.0    516624
28.6800  103.6600   21.00   3.40 0.0 0.0 0.0    535491
28.4380  104.8870    7.00   4.70 0.0 0.0 0.0    200130
28.0600  104.1100   11.00   4.70 0.0 0.0 0.0    272470
28.4000  104.9500    5.00   4.80 0.0 0.0 0.0    344429
28.0950  104.8160   10.00   4.00 0.0 0.0 0.0    492313
28.3640  104.9740   14.00   4.00 0.0 0.0 0.0    493353
28.1800  104.8900   10.00   4.80 0.0 0.0 0.0    550657
28.9500  105.6000   33.00   4.20 0.0 0.0 0.0    242488
28.8310  105.1040   11.00   3.20 0.0 0.0 0.0    489423
28.9360  105.4070   21.00   3.10 0.0 0.0 0.0    539465
28.7980  105.0900    8.00   3.40 0.0 0.0 0.0    539771
28.7850  105.1200    3.00   2.60 0.0 0.0 0.0    539964
28.9240  105.4020   22.00   2.70 0.0 0.0 0.0    544873
28.9400  106.9420   14.00   2.90 0.0 0.0 0.0    211485
28.5960  106.7080   11.00   3.20 0.0 0.0 0.0    287081
28.2070  106.2010   10.00   2.10 0.0 0.0 0.0    419497
28.1170  106.4280   20.00   2.30 0.0 0.0 0.0    422433
28.3350  106.1040    5.00   3.80 0.0 0.0 0.0    480195
28.6670  106.8120    7.00   2.60 0.0 0.0 0.0    481772
28.5160  106.6770    8.00   2.50 0.0 0.0 0.0    549830
29.9780   96.9160    6.00   3.50 0.0 0.0 0.0    287122
29.9760   96.9380    7.00   4.00 0.0 0.0 0.0    287285
29.8710   96.8020    6.00   3.00 0.0 0.0 0.0    294797
29.8680   96.8140    9.00   2.70 0.0 0.0 0.0    294798
29.9930   96.8800    6.00   2.70 0.0 0.0 0.0    305566
29.9870   96.9150    7.00   3.20 0.0 0.0 0.0    373927
29.7950   97.5410    8.00   4.30 0.0 0.0 0.0    300919
29.5690   97.0920    7.00   2.80 0.0 0.0 0.0    309784
29.2330   97.9690    7.00   2.20 0.0 0.0 0.0    333347
29.1730   97.1560    6.00   2.70 0.0 0.0 0.0    347791
29.9770   97.8980    6.00   3.80 0.0 0.0 0.0    361894
29.9990   97.8980    7.00   2.30 0.0 0.0 0.0    369119
29.9950   97.1620    9.00   4.10 0.0 0.0 0.0    380334
29.9910   97.8880    8.00   3.10 0.0 0.0 0.0    382393
29.9910   97.8960    7.00   2.50 0.0 0.0 0.0    392799
29.3480   97.8560    7.00   2.80 0.0 0.0 0.0    472212
29.3700   97.6750    8.00   2.90 0.0 0.0 0.0    491163
29.2330   97.9510    9.00   4.40 0.0 0.0 0.0    525020
29.4160   98.6920    9.00   3.30 0.0 0.0 0.0    346877
29.5090   98.9920    6.00   3.20 0.0 0.0 0.0    403593
29.4960   98.8650    7.00   3.20 0.0 0.0 0.0    421568
29.6520   98.3550   22.00   3.40 0.0 0.0 0.0    488373
29.1820   98.7560   10.00   2.80 0.0 0.0 0.0    496210
29.1020   98.1720    4.00   3.10 0.0 0.0 0.0    533848
29.5880   98.8360    8.00   2.80 0.0 0.0 0.0    535637
29.9300   99.7200   15.00   2.30 0.0 0.0 0.0    257506
29.1000   99.8900    5.00   2.40 0.0 0.0 0.0    325168
29.3400   99.9970    9.00   3.20 0.0 0.0 0.0    375401
29.0090   99.5290   14.00   3.30 0.0 0.0 0.0    376253
29.3650   99.6150    5.00   3.20 0.0 0.0 0.0    506681
29.0070   99.3400    8.00   2.90 0.0 0.0 0.0    525831
29.9410   99.4780   16.00   3.40 0.0 0.0 0.0    552050
29.9390   99.4670    8.00   2.50 0.0 0.0 0.0    552504
29.4340   99.5240   19.00   2.30 0.0 0.0 0.0    571019
29.0600  100.9500    5.00   2.00 0.0 0.0 0.0    268298
29.2800  100.0800   10.00   4.00 0.0 0.0 0.0    311344
29.2100  100.0800   16.00   4.30 0.0 0.0 0.0    351363
29.3130  100.0430    6.00   3.20 0.0 0.0 0.0    375240
29.1460  100.9720    6.00   2.90 0.0 0.0 0.0    432274
29.7620  100.3860   13.00   2.90 0.0 0.0 0.0    548807
29.4300  101.1000    5.00   3.40 0.0 0.0 0.0    232770
29.8210  101.9940   12.00   2.40 0.0 0.0 0.0    405463
29.5670  101.9840   16.00   3.60 0.0 0.0 0.0    492009
29.6500  101.9950   18.00   3.80 0.0 0.0 0.0    492643
29.6200  101.9930   12.00   3.60 0.0 0.0 0.0    505996
29.6190  101.9970   18.00   4.00 0.0 0.0 0.0    506059
29.9330  101.3670    9.00   3.30 0.0 0.0 0.0    530317
29.7000  102.3800    5.00   3.50 0.0 0.0 0.0    230051
29.0500  102.3600    5.00   2.80 0.0 0.0 0.0    245686
29.8000  102.1400   13.00   3.40 0.0 0.0 0.0    250791
29.5500  102.2000   18.00   2.10 0.0 0.0 0.0    263639
29.2400  102.7500   13.00   2.30 0.0 0.0 0.0    274501
29.0100  102.4200   15.00   2.90 0.0 0.0 0.0    281895
29.0800  102.3900   21.00   3.90 0.0 0.0 0.0    319857
29.8210  102.3710   12.00   2.60 0.0 0.0 0.0    355987
29.0590  102.3580   26.00   4.10 0.0 0.0 0.0    476190
29.0190  102.2590   20.00   4.30 0.0 0.0 0.0    512524
29.0300  103.6300   11.00   3.20 0.0 0.0 0.0    218714
29.7000  103.4500   17.00   2.50 0.0 0.0 0.0    259689
29.3000  103.9800   21.00   3.70 0.0 0.0 0.0    265614
29.2800  103.9700   11.00   2.90 0.0 0.0 0.0    265616
29.2700  103.9600   17.00   3.90 0.0 0.0 0.0    265628
29.3000  103.2000   20.00   5.00 0.0 0.0 0.0    465405
29.3900  104.9800   13.00   3.60 0.0 0.0 0.0    226658
29.4910  104.5740   14.00   2.40 0.0 0.0 0.0    493403
29.5840  104.6450   11.00   3.90 0.0 0.0 0.0    501403
29.3800  104.0900   10.00   4.00 0.0 0.0 0.0    501716
29.5880  104.8150   16.00   2.60 0.0 0.0 0.0    541137
29.3600  104.0680   15.00   3.70 0.0 0.0 0.0    578693
29.4000  105.0100   10.00   4.40 0.0 0.0 0.0    218904
29.3600  105.4300    6.00   4.50 0.0 0.0 0.0    269732
29.3200  105.2200   25.00   4.20 0.0 0.0 0.0    329727
29.3200  105.2300   22.00   4.30 0.0 0.0 0.0    329762
29.3790  105.1660    5.00   3.30 0.0 0.0 0.0    348793
29.4100  105.6000   10.00   4.00 0.0 0.0 0.0    532674
29.8680  106.4650    6.00   2.10 0.0 0.0 0.0    223855
29.9460  106.5250    7.00   2.00 0.0 0.0 0.0    228893
29.5360  106.0780    8.00   2.30 0.0 0.0 0.0    262594
29.5430  106.0760    6.00   2.60 0.0 0.0 0.0    262610
29.4200  106.2170    8.00   3.80 0.0 0.0 0.0    267304
29.5570  106.1460   15.00   2.10 0.0 0.0 0.0    287600
29.5800  106.1500   12.00   3.10 0.0 0.0 0.0    287685
29.9780  106.5400    7.00   2.90 0.0 0.0 0.0    482313
30.2730   96.9450    7.00   3.10 0.0 0.0 0.0    279914
30.0150   96.9730    7.00   2.70 0.0 0.0 0.0    303822
30.0450   96.8730    7.00   3.60 0.0 0.0 0.0    309974
30.2500   96.8700    7.00   2.60 0.0 0.0 0.0    392866
30.2900   96.8500   20.00   4.10 0.0 0.0 0.0    548999
30.2610   96.9580    6.00   3.10 0.0 0.0 0.0    549015
30.6240   97.0510    7.00   3.10 0.0 0.0 0.0    275788
30.1640   97.4800    7.00   2.60 0.0 0.0 0.0    302852
30.1130   97.4750    7.00   3.30 0.0 0.0 0.0    302855
30.1600   97.4870    7.00   3.20 0.0 0.0 0.0    302856
30.1480   97.4620    7.00   3.60 0.0 0.0 0.0    302870
30.1400   97.4790    7.00   2.90 0.0 0.0 0.0    302875
30.1460   97.5050    6.00   3.90 0.0 0.0 0.0    302883
30.1150   97.4710    6.00   2.90 0.0 0.0 0.0    302909
30.0920   97.4470    8.00   3.40 0.0 0.0 0.0    305343
30.0200   97.9700   10.00   4.50 0.0 0.0 0.0    361421
30.0240   97.9370    7.00   2.80 0.0 0.0 0.0    361424
30.0090   97.9510    8.00   3.70 0.0 0.0 0.0    361425
30.0260   97.9290    7.00   3.50 0.0 0.0 0.0    361430
30.0450   97.9090    7.00   3.20 0.0 0.0 0.0    361580
30.0470   97.9040    7.00   3.40 0.0 0.0 0.0    361611
30.0940   97.9390    8.00   3.60 0.0 0.0 0.0    361642
30.0400   97.9000    6.00   3.00 0.0 0.0 0.0    361793
30.0510   97.9080    8.00   3.40 0.0 0.0 0.0    361940
30.0780   97.9400    7.00   3.10 0.0 0.0 0.0    363625
30.0450   97.9050    7.00   4.10 0.0 0.0 0.0    363652
30.0490   97.9320    9.00   3.40 0.0 0.0 0.0    363656
30.0510   97.8960    4.00   3.00 0.0 0.0 0.0    366852
30.0700   97.9840    9.00   2.70 0.0 0.0 0.0    387735
30.0030   97.8700    6.00   3.00 0.0 0.0 0.0    392792
30.0620   97.9030    8.00   2.60 0.0 0.0 0.0    397130
30.0180   98.1780    7.00   3.50 0.0 0.0 0.0    272941
30.3590   98.1380    9.00   2.30 0.0 0.0 0.0    305885
30.3530   98.1230    7.00   2.10 0.0 0.0 0.0    305886
30.3880   98.3130    5.00   3.70 0.0 0.0 0.0    314867
30.2020   98.4310    8.00   2.80 0.0 0.0 0.0    331395
30.8940   98.9200   13.00   2.70 0.0 0.0 0.0    398820
30.4230   98.9630   12.00   3.30 0.0 0.0 0.0    468941
30.1700   98.0100    6.00   4.60 0.0 0.0 0.0    491102
30.9500   99.4000   15.00   5.50 0.0 0.0 0.0    334006
30.3100   99.8000   10.00   4.40 0.0 0.0 0.0    507365
30.1100   99.6100   16.00   5.20 0.0 0.0 0.0    524728
30.0830   99.6640    7.00   3.50 0.0 0.0 0.0    524765
30.0800   99.6000   19.00   5.20 0.0 0.0 0.0    524766
30.0930   99.6180   13.00   3.70 0.0 0.0 0.0    533509
30.1520  100.1440   12.00   1.20 0.0 0.0 0.0    217246
30.6600  100.0100    5.00   2.30 0.0 0.0 0.0    229764
30.1600  100.0500   13.00   2.10 0.0 0.0 0.0    234322
30.1700  100.0600   12.00   1.80 0.0 0.0 0.0    234328
30.7100  100.1000    7.00   2.50 0.0 0.0 0.0    251922
30.0900  100.0900    8.00   2.00 0.0 0.0 0.0    294909
30.0700  100.6400   14.00   2.40 0.0 0.0 0.0    303828
30.0600  100.0800    5.00   2.10 0.0 0.0 0.0    318914
30.7870  100.0080   14.00   3.60 0.0 0.0 0.0    406789
30.7960  100.9390   20.00   2.10 0.0 0.0 0.0    455840
30.6010  100.1350   17.00   2.30 0.0 0.0 0.0    498941
30.3000  100.4460   17.00   2.90 0.0 0.0 0.0    511998
30.6540  100.0800   18.00   2.20 0.0 0.0 0.0    577606
30.0700  101.9700    5.00   2.50 0.0 0.0 0.0    237383
30.6000  101.4500    8.00   5.00 0.0 0.0 0.0    258000
30.2900  101.6800   20.00   6.40 0.0 0.0 0.0    451117
30.2000  101.7500   16.00   5.90 0.0 0.0 0.0    452120
30.3870  101.5900   13.00   3.80 0.0 0.0 0.0    480252
30.0180  101.8190    9.00   3.20 0.0 0.0 0.0    490849
30.2680  102.9090   19.00   2.30 0.0 0.0 0.0    355768
30.2040  102.8630   14.00   3.10 0.0 0.0 0.0    356140
30.3370  102.9470   20.00   4.00 0.0 0.0 0.0    356715
30.3460  102.9350   22.00   3.20 0.0 0.0 0.0    361395
30.2530  102.9200   17.00   2.90 0.0 0.0 0.0    362817
30.1210  102.8090   20.00   3.60 0.0 0.0 0.0    363627
30.3860  102.9810   18.00   2.60 0.0 0.0 0.0    370089
30.1050  102.8020   20.00   3.10 0.0 0.0 0.0    373396
30.3340  102.9290   19.00   4.20 0.0 0.0 0.0    379325
30.2190  102.9810   11.00   2.80 0.0 0.0 0.0    403109
30.9100  103.1600   20.00   4.40 0.0 0.0 0.0    217870
30.3450  103.0050   17.00   3.10 0.0 0.0 0.0    344155
30.3710  103.0150   20.00   4.00 0.0 0.0 0.0    363076
30.3870  103.0050   18.00   2.70 0.0 0.0 0.0    363551
30.3580  103.0410   19.00   3.20 0.0 0.0 0.0    401800
30.3230  103.0320   18.00   3.50 0.0 0.0 0.0    445520
30.7710  104.5310   21.00   3.40 0.0 0.0 0.0    217487
30.8000  104.6800   21.00   2.90 0.0 0.0 0.0    219278
30.8100  104.5800   21.00   2.80 0.0 0.0 0.0    228300
30.8100  104.5900   10.00   2.60 0.0 0.0 0.0    229400
30.4000  104.6000   21.00   3.20 0.0 0.0 0.0    249794
30.8200  104.5800   24.00   3.60 0.0 0.0 0.0    250664
30.5800  104.5300   22.00   2.90 0.0 0.0 0.0    264047
30.8190  104.5780   14.00   2.80 0.0 0.0 0.0    352779
30.8100  105.2900    5.00   2.00 0.0 0.0 0.0    234722
30.2800  105.7100    5.00   4.80 0.0 0.0 0.0    248875
30.2500  105.6000   14.00   3.30 0.0 0.0 0.0    297916
30.5900  105.2700    9.00   2.60 0.0 0.0 0.0    330335
30.5900  105.2800   18.00   2.80 0.0 0.0 0.0    339737
30.6060  105.2450   26.00   2.30 0.0 0.0 0.0    351887
30.5950  105.2740   21.00   2.40 0.0 0.0 0.0    379498
30.5890  105.2560   17.00   2.40 0.0 0.0 0.0    401993
30.7220  105.0320    2.00   1.80 0.0 0.0 0.0    504125
30.9390  105.2720   22.00   2.20 0.0 0.0 0.0    527325
30.3200  106.7900   13.00   3.00 0.0 0.0 0.0    283563
30.2300  106.7600   15.00   2.70 0.0 0.0 0.0    311136
30.5100  106.9600   15.00   3.00 0.0 0.0 0.0    313975
30.2260  106.8690    5.00   3.00 0.0 0.0 0.0    379628
30.1950  106.8110   15.00   2.80 0.0 0.0 0.0    394738
30.2850  106.9110    5.00   2.00 0.0 0.0 0.0    464853
30.3060  106.7670    6.00   2.70 0.0 0.0 0.0    474182
30.5310  106.9430   13.00   2.90 0.0 0.0 0.0    479294
30.4410  106.9740    2.00   2.80 0.0 0.0 0.0    493469
30.1430  106.6620    7.00   2.60 0.0 0.0 0.0    496666
30.1840  106.8930    4.00   3.00 0.0 0.0 0.0    499235
30.0850  106.6980   10.00   3.30 0.0 0.0 0.0    508942
30.1720  106.8810   12.00   3.30 0.0 0.0 0.0    510634
30.1940  106.8590    5.00   2.80 0.0 0.0 0.0    524108
30.2420  106.7940    5.00   3.20 0.0 0.0 0.0    533120
30.2470  106.8120   10.00   3.10 0.0 0.0 0.0    536963
31.1580   96.4300    7.00   2.70 0.0 0.0 0.0    279403
31.4550   96.5250    7.00   2.20 0.0 0.0 0.0    304938
31.4180   96.5140    8.00   3.70 0.0 0.0 0.0    394100
31.4150   96.4840    7.00   2.30 0.0 0.0 0.0    396109
31.6430   96.3590    7.00   3.10 0.0 0.0 0.0    440295
31.1290   96.8400    6.00   2.40 0.0 0.0 0.0    466712
31.0950   96.9520    8.00   3.00 0.0 0.0 0.0    516355
31.2840   96.8400    6.00   4.00 0.0 0.0 0.0    524995
31.1750   96.4220    7.00   2.80 0.0 0.0 0.0    540902
31.1640   96.3690    6.00   2.60 0.0 0.0 0.0    541247
31.1740   96.4450    6.00   2.80 0.0 0.0 0.0    541267
31.6170   96.9450    6.00   3.30 0.0 0.0 0.0    566832
31.3490   97.6930    7.00   3.20 0.0 0.0 0.0    228875
31.3920   97.6040   10.00   1.90 0.0 0.0 0.0    269206
31.3620   97.7910    7.00   2.70 0.0 0.0 0.0    302467
31.3850   97.7100    6.00   3.40 0.0 0.0 0.0    310536
31.3670   97.7280    7.00   3.10 0.0 0.0 0.0    314703
31.0170   97.0550    6.00   2.60 0.0 0.0 0.0    378976
31.1160   97.6760   10.00   3.00 0.0 0.0 0.0    488126
31.0920   98.6630    6.00   3.50 0.0 0.0 0.0    327923
31.0980   98.6680    7.00   3.00 0.0 0.0 0.0    327924
31.6920   98.6800   15.00   2.60 0.0 0.0 0.0    485083
31.6860   98.6800    2.00   2.60 0.0 0.0 0.0    485110
31.6760   98.6810   15.00   3.40 0.0 0.0 0.0    485113
31.6560   98.6970   11.00   2.60 0.0 0.0 0.0    490434
31.7130   98.6980    5.00   2.50 0.0 0.0 0.0    490460
31.6570   98.7070    6.00   2.50 0.0 0.0 0.0    503171
31.5800   99.9800   10.00   2.70 0.0 0.0 0.0    266306
31.6800   99.5200   20.00   3.70 0.0 0.0 0.0    282173
31.2930   99.9720    9.00   2.10 0.0 0.0 0.0    446071
31.8700   99.7730   10.00   3.20 0.0 0.0 0.0    536619
31.6190   99.9730    6.00   2.80 0.0 0.0 0.0    536919
31.6090   99.9590   17.00   2.20 0.0 0.0 0.0    536920
31.2800  100.8000   10.00   5.40 0.0 0.0 0.0    287145
31.5080  100.9480    4.00   2.60 0.0 0.0 0.0    347630
31.2440  100.8440   14.00   2.90 0.0 0.0 0.0    499546
31.3480  100.7150   16.00   4.30 0.0 0.0 0.0    513567
31.7380  100.9930    7.00   2.90 0.0 0.0 0.0    556447
31.3470  100.7050   16.00   2.70 0.0 0.0 0.0    561547
31.5630  100.4690   14.00   3.10 0.0 0.0 0.0    583735
31.9220  101.9370    1.00   3.20 0.0 0.0 0.0    217453
31.0870  101.3680   15.00   2.90 0.0 0.0 0.0    396731
31.0960  101.3650   15.00   3.10 0.0 0.0 0.0    396777
31.0880  101.3630   18.00   3.20 0.0 0.0 0.0    404351
31.9610  101.5750    6.00   3.40 0.0 0.0 0.0    436918
31.8930  101.8090   11.00   2.50 0.0 0.0 0.0    449989
31.9360  102.9750    7.00   3.40 0.0 0.0 0.0    205909
31.9640  102.9660    7.00   3.70 0.0 0.0 0.0    206192
31.4800  102.7700    9.00   3.70 0.0 0.0 0.0    229802
31.8200  102.9800    5.00   3.60 0.0 0.0 0.0    235767
31.2200  102.5500    3.00   3.60 0.0 0.0 0.0    265747
31.9380  102.8670   20.00   3.70 0.0 0.0 0.0    559402
31.2600  103.2100   15.00   4.70 0.0 0.0 0.0    213967
31.0200  103.2400   12.00   3.10 0.0 0.0 0.0    221937
31.0100  103.1800   15.00   2.80 0.0 0.0 0.0    223379
31.3100  103.7000   10.00   3.40 0.0 0.0 0.0    226845
31.2300  103.8000   15.00   5.00 0.0 0.0 0.0    243068
31.4210  103.9740   18.00   4.40 0.0 0.0 0.0    546058
31.8640  104.3120   25.00   3.60 0.0 0.0 0.0    206720
31.6500  104.6000   12.00   4.50 0.0 0.0 0.0    208813
31.7270  104.2350   11.00   3.80 0.0 0.0 0.0    216444
31.6600  104.0400   10.00   3.00 0.0 0.0 0.0    223910
31.8100  104.1200   10.00   4.40 0.0 0.0 0.0    260601
31.7100  104.0100   16.00   4.50 0.0 0.0 0.0    285617
31.2950  105.3820   40.00   3.50 0.0 0.0 0.0    211576
31.2100  105.2000   20.00   4.90 0.0 0.0 0.0    336212
31.2400  105.1800   20.00   2.50 0.0 0.0 0.0    336234
31.4300  105.2200    5.00   4.60 0.0 0.0 0.0    423367
31.4560  105.1970   20.00   4.30 0.0 0.0 0.0    443822
31.2320  105.1700   15.00   2.80 0.0 0.0 0.0    565973
31.6800  106.2700   18.00   1.90 0.0 0.0 0.0    312117
31.7100  106.2600    9.00   1.90 0.0 0.0 0.0    312122
31.6900  106.1600   10.00   1.60 0.0 0.0 0.0    333013
31.6900  106.1500    5.00   1.50 0.0 0.0 0.0    333072
31.6800  106.1700    5.00   1.50 0.0 0.0 0.0    333617
31.6900  106.2700   11.00   2.30 0.0 0.0 0.0    336836
31.7200  106.2600   17.00   2.30 0.0 0.0 0.0    336838
31.6960  106.7870   21.00   1.60 0.0 0.0 0.0    517492
32.9910   96.3030   10.00   1.20 0.0 0.0 0.0    259349
32.9910   96.9590    5.00   1.20 0.0 0.0 0.0    262176
32.9950   96.9390    3.00   1.20 0.0 0.0 0.0    264757
32.9790   96.9570   10.00   1.00 0.0 0.0 0.0    265824
32.9980   96.9580   10.00   1.20 0.0 0.0 0.0    266877
32.9720   96.9980   10.00   2.40 0.0 0.0 0.0    267930
32.6780   96.1070   10.00   2.30 0.0 0.0 0.0    270358
32.3680   96.4040   10.00   1.80 0.0 0.0 0.0    270652
32.6140   96.4440   10.00   3.50 0.0 0.0 0.0    301307
32.2210   96.3400    4.00   3.50 0.0 0.0 0.0    330217
32.5290   96.3640    9.00   3.00 0.0 0.0 0.0    532978
32.5280   96.3750    9.00   3.60 0.0 0.0 0.0    532983
32.7200   97.2800   20.00   3.10 0.0 0.0 0.0    231601
32.8580   97.3080   10.00   1.70 0.0 0.0 0.0    259852
32.9660   97.0270   10.00   1.50 0.0 0.0 0.0    260094
32.5850   97.4210   10.00   3.10 0.0 0.0 0.0    264036
32.9390   97.0680   10.00   1.20 0.0 0.0 0.0    266376
32.7150   97.1910    6.00   1.40 0.0 0.0 0.0    269194
32.8840   97.2380   11.00   2.90 0.0 0.0 0.0    550289
32.4200   98.1500    5.00   2.00 0.0 0.0 0.0    271996
32.4620   98.1980   10.00   1.80 0.0 0.0 0.0    272320
32.7800   98.2800   10.00   2.90 0.0 0.0 0.0    339485
32.2170   98.0580    6.00   2.20 0.0 0.0 0.0    448319
32.9410   98.8980   10.00   2.40 0.0 0.0 0.0    469382
32.9010   98.8740   10.00   1.70 0.0 0.0 0.0    472518
32.8810   98.9470   10.00   3.00 0.0 0.0 0.0    481174
32.9430   98.9180   28.00   2.70 0.0 0.0 0.0    481262
32.9390   98.8720    4.00   3.00 0.0 0.0 0.0    481709
32.9910   98.8970    5.00   3.70 0.0 0.0 0.0    481752
32.9060   98.2160   21.00   2.70 0.0 0.0 0.0    546638
32.9800   99.0300    5.00   2.70 0.0 0.0 0.0    228846
32.4600   99.5200    8.00   2.50 0.0 0.0 0.0    252551
32.9650   99.0240    6.00   2.80 0.0 0.0 0.0    445592
32.9930   99.0390    3.00   2.90 0.0 0.0 0.0    448235
32.9760   99.0150   11.00   3.50 0.0 0.0 0.0    544168
32.9700   99.0100   31.00   4.40 0.0 0.0 0.0    549344
32.5700  100.9200    4.00   2.70 0.0 0.0 0.0    275288
32.1400  100.6100    5.00   3.00 0.0 0.0 0.0    318302
32.5800  100.9100   10.00   2.10 0.0 0.0 0.0    327381
32.5400  100.9100    8.00   2.50 0.0 0.0 0.0    338295
32.6150  100.8290    4.00   1.40 0.0 0.0 0.0    428700
32.7020  100.6160    5.00   1.90 0.0 0.0 0.0    475209
32.2870  100.8720   10.00   1.60 0.0 0.0 0.0    491898
32.1250  100.9970    8.00   1.50 0.0 0.0 0.0    493043
32.0720  100.9890    2.00   1.80 0.0 0.0 0.0    495985
32.3380  100.9180   11.00   1.20 0.0 0.0 0.0    508827
32.8330  100.5950   12.00   2.30 0.0 0.0 0.0    520551
32.2000  100.9350   10.00   2.20 0.0 0.0 0.0    527654
32.4000  100.9980   12.00   1.60 0.0 0.0 0.0    570561
32.4300  101.8500    5.00   3.60 0.0 0.0 0.0    220633
32.0300  101.9600    5.00   3.00 0.0 0.0 0.0    275353
32.3100  101.1400   10.00   4.00 0.0 0.0 0.0    300403
32.1700  101.5500   10.00   3.60 0.0 0.0 0.0    301577
32.2800  101.4600    6.00   3.80 0.0 0.0 0.0    335704
32.8470  101.7210    5.00   2.80 0.0 0.0 0.0    467885
32.0200  101.0580   12.00   3.00 0.0 0.0 0.0    527706
32.1200  101.9020   15.00   2.90 0.0 0.0 0.0    529143
32.8110  101.1390    9.00   3.30 0.0 0.0 0.0    583484
32.2600  102.6100   11.00   3.50 0.0 0.0 0.0    222668
32.1700  102.6200    5.00   2.90 0.0 0.0 0.0    222846
32.1800  102.6200    8.00   3.10 0.0 0.0 0.0    227124
32.0450  102.7290   15.00   2.10 0.0 0.0 0.0    486385
32.0430  102.7240   13.00   2.00 0.0 0.0 0.0    507635
32.2360  102.6340   23.00   3.40 0.0 0.0 0.0    564395
32.8300  103.7200   16.00   3.40 0.0 0.0 0.0    218913
32.2130  103.5400   17.00   3.00 0.0 0.0 0.0    349692
32.3560  103.0400   15.00   3.10 0.0 0.0 0.0    407901
32.4310  103.7460   10.00   3.20 0.0 0.0 0.0    539463
32.5360  103.9970   15.00   3.20 0.0 0.0 0.0    546697
32.9880  103.9830   13.00   3.20 0.0 0.0 0.0    578511
32.2210  104.3820   25.00   3.60 0.0 0.0 0.0    206358
32.0900  104.4000   26.00   4.00 0.0 0.0 0.0    212884
32.0300  104.5300   13.00   2.50 0.0 0.0 0.0    220786
32.2100  104.5900   22.00   3.80 0.0 0.0 0.0    222081
32.1000  104.5100   22.00   3.70 0.0 0.0 0.0    228044
32.0160  104.3260   19.00   3.60 0.0 0.0 0.0    544363
32.7500  105.6400    9.00   4.00 0.0 0.0 0.0    207585
32.3100  105.2100   10.00   4.70 0.0 0.0 0.0    211714
32.4200  105.0400   16.00   4.70 0.0 0.0 0.0    222128
32.5800  105.1900   10.00   4.60 0.0 0.0 0.0    240758
32.3700  105.3300   21.00   4.70 0.0 0.0 0.0    555219
32.2500  105.0500   10.00   5.40 0.0 0.0 0.0    566691
32.9450  106.2190    7.00   3.60 0.0 0.0 0.0    272059
32.9570  106.2130    7.00   2.80 0.0 0.0 0.0    278560
32.9470  106.2150    6.00   2.50 0.0 0.0 0.0    280166
32.9500  106.2190    8.00   3.00 0.0 0.0 0.0    280310
32.9590  106.2000    6.00   3.10 0.0 0.0 0.0    281415
32.9700  106.2060    6.00   2.10 0.0 0.0 0.0    282394
32.9540  106.2100    6.00   2.60 0.0 0.0 0.0    331650
32.9720  106.2110    6.00   3.40 0.0 0.0 0.0    372500
32.9540  106.2190    5.00   4.00 0.0 0.0 0.0    464370
32.9420  106.3100    8.00   2.70 0.0 0.0 0.0    477587
32.3120  106.0800    9.00   2.60 0.0 0.0 0.0    534980
33.1900   96.5200   10.00   4.60 0.0 0.0 0.0    258086
33.2130   96.5250    4.00   3.90 0.0 0.0 0.0    258089
33.3100   96.2000    7.00   5.00 0.0 0.0 0.0    262170
33.3230   96.2050   10.00   3.40 0.0 0.0 0.0    263690
33.2800   96.2800   30.00   4.80 0.0 0.0 0.0    269499
33.3050   96.2630   10.00   4.20 0.0 0.0 0.0    269561
33.1700   97.2170   10.00   2.70 0.0 0.0 0.0    261103
33.0900   97.5870    6.00   2.20 0.0 0.0 0.0    263874
33.6050   97.1220   13.00   1.50 0.0 0.0 0.0    266668
33.8690   97.1700   10.00   1.60 0.0 0.0 0.0    267427
33.4360   97.8220   10.00   2.00 0.0 0.0 0.0    269084
33.9170   97.4500   10.00   2.80 0.0 0.0 0.0    299180
33.4210   98.1490   10.00   1.40 0.0 0.0 0.0    260665
33.4900   98.3600   10.00   2.20 0.0 0.0 0.0    264774
33.7040   98.9360   10.00   3.10 0.0 0.0 0.0    398166
33.3580   98.3920    5.00   2.20 0.0 0.0 0.0    474638
33.0420   98.9980   30.00   2.70 0.0 0.0 0.0    539657
33.2180   98.5350    5.00   2.60 0.0 0.0 0.0    581648
33.7380   99.0990   10.00   1.80 0.0 0.0 0.0    267441
33.8130   99.0160   10.00   2.90 0.0 0.0 0.0    306237
33.3170   99.5000    8.00   1.80 0.0 0.0 0.0    309414
33.0860   99.7790    9.00   3.60 0.0 0.0 0.0    328309
33.7040   99.0050    8.00   2.60 0.0 0.0 0.0    352472
33.4320   99.4080    5.00   2.30 0.0 0.0 0.0    494064
33.3310   99.6210   10.00   2.30 0.0 0.0 0.0    499236
33.2610   99.7030    9.00   2.40 0.0 0.0 0.0    555082
33.2000  100.8700    8.00   4.00 0.0 0.0 0.0    212656
33.3930  100.8880    7.00   2.90 0.0 0.0 0.0    216086
33.2340  100.8870    8.00   3.80 0.0 0.0 0.0    313703
33.2820  100.8130    5.00
33.1260  100.4240    7.00
33.2470  100.9110   13.00
33.3140  100.8310    9.00
33.8600  101.1000   10.00
33.3100  101.3360   10.00
33.0400  101.4200   19.00
33.9650  101.3260    6.00
33.4170  101.0280   11.00
33.0160  101.4140    5.00
33.2740  101.3180   11.00
33.7100  101.2980    5.00
33.2290  102.3240    2.00
33.2310  102.4430   17.00
33.0050  102.7420   10.00
33.2410  102.9190   10.00
33.2770  102.2220    5.00
33.0040  102.7290   21.00
33.1440  103.8420   10.00
33.0880  103.8920   16.00
33.1240  103.8550   15.00
33.1240  103.8610   16.00
33.2000  103.8200   10.00
33.1080  103.8890   12.00
33.3340  104.7350    7.00
33.0290  104.0120   14.00
33.0340  104.0150   18.00
33.0320  104.0090   19.00
33.0280  104.0150   13.00
33.0340  104.0200   14.00
33.0220  105.1590   10.00
33.0270  105.1710    6.00
33.0410  105.2140    7.00
33.0320  105.4280    7.00
33.0080  105.4520    7.00
33.0700  105.2230    5.00
33.4640  105.5950    7.00
33.1360  105.6020    5.00
33.5290  106.1960    8.00
33.6360  106.1340    7.00
33.0060  106.3020    5.00
33.6570  106.1770    4.00
33.3990  106.0830    8.00
33.1050  106.3230   20.00
