2022-04-03T01:25:11.530 99.459 37.082  9.0 1.4 0.0 0.0 0.0 1
2022-04-02T18:09:7.260 103.417 36.829  10.0 1.6 0.0 0.0 0.0 2
2022-03-29T15:37:0.570 103.373 36.882  10.0 1.7 0.0 0.0 0.0 3
2022-03-29T05:51:54.020 100.092 35.735  9.0 2.6 0.0 0.0 0.0 4
2022-03-28T17:32:2.220 103.145 35.341  6.0 1.3 0.0 0.0 0.0 5
2022-03-27T16:25:12.800 103.162 36.915  20.0 2.1 0.0 0.0 0.0 6
2022-03-24T21:08:8.170 101.877 35.836  10.0 2.4 0.0 0.0 0.0 7
2022-03-22T06:16:50.420 102.921 35.080  12.0 1.0 0.0 0.0 0.0 8
2022-03-22T06:11:17.580 102.708 35.040  10.0 1.8 0.0 0.0 0.0 9
2022-03-22T06:08:46.420 102.695 35.085  4.0 3.6 0.0 0.0 0.0 10
2022-03-20T13:59:47.690 103.380 36.738  10.0 1.2 0.0 0.0 0.0 11
2022-03-19T00:11:1.220 100.133 36.688  0.0 0.0 0.0 0.0 0.0 12
2022-03-15T11:27:12.060 102.284 36.453  8.0 2.0 0.0 0.0 0.0 13
2022-03-14T19:29:9.710 103.416 36.858  7.0 1.3 0.0 0.0 0.0 14
2022-03-12T11:43:43.340 102.414 35.907  7.0 1.1 0.0 0.0 0.0 15
2022-03-12T08:16:3.290 102.417 35.905  6.0 0.9 0.0 0.0 0.0 16
2022-03-09T18:15:5.530 102.378 35.628  5.0 1.9 0.0 0.0 0.0 17
2022-03-09T17:07:21.870 101.725 35.933  6.0 1.0 0.0 0.0 0.0 18
2022-03-08T08:15:30.030 102.131 36.293  6.0 0.7 0.0 0.0 0.0 19
2022-03-06T19:34:27.550 102.881 36.393  6.0 1.6 0.0 0.0 0.0 20
2022-03-04T12:45:30.860 103.438 36.794  10.0 1.9 0.0 0.0 0.0 21
2022-02-28T18:56:22.090 101.752 34.885  7.0 2.2 0.0 0.0 0.0 22
2022-02-25T17:42:14.110 102.342 36.089  7.0 1.7 0.0 0.0 0.0 23
2022-02-25T00:46:41.620 103.575 34.801  6.0 1.4 0.0 0.0 0.0 24
2022-02-23T23:03:16.650 100.220 36.021  10.0 1.6 0.0 0.0 0.0 25
2022-02-20T16:25:50.410 99.481 35.408  11.0 2.5 0.0 0.0 0.0 26
2022-02-20T13:15:41.060 99.486 35.418  8.0 3.1 0.0 0.0 0.0 27
2022-02-19T18:41:47.230 101.656 36.000  9.0 1.8 0.0 0.0 0.0 28
2022-02-17T04:09:43.860 99.409 35.745  9.0 2.4 0.0 0.0 0.0 29
2022-02-17T02:14:49.890 99.787 35.385  9.0 1.9 0.0 0.0 0.0 30
2022-02-15T10:37:56.140 102.380 35.347  20.0 1.6 0.0 0.0 0.0 31
2022-02-14T10:44:24.360 101.577 35.290  9.0 1.8 0.0 0.0 0.0 32
2022-02-13T23:06:24.160 102.476 35.598  9.0 1.5 0.0 0.0 0.0 33
2022-02-12T00:10:34.980 100.393 35.988  7.0 1.8 0.0 0.0 0.0 34
2022-02-11T18:28:6.560 101.894 36.024  0.0 0.1 0.0 0.0 0.0 35
2022-02-07T06:12:43.390 102.871 36.395  15.0 1.1 0.0 0.0 0.0 36
2022-02-07T04:36:52.400 102.853 36.459  20.0 1.1 0.0 0.0 0.0 37
2022-02-07T02:31:39.310 100.313 34.922  11.0 1.4 0.0 0.0 0.0 38
2022-02-05T01:02:25.360 102.380 36.368  11.0 1.5 0.0 0.0 0.0 39
2022-02-04T21:36:36.620 102.385 36.369  8.0 1.0 0.0 0.0 0.0 40
2022-02-04T10:22:51.110 100.203 36.398  9.0 2.2 0.0 0.0 0.0 41
2022-02-04T03:23:59.300 102.677 36.314  0.0 0.0 0.0 0.0 0.0 42
2022-02-03T13:10:37.190 102.656 36.385  0.0 0.0 0.0 0.0 0.0 43
2022-02-03T04:50:3.250 100.225 36.376  7.0 3.1 0.0 0.0 0.0 44
2022-01-31T14:00:28.820 102.128 36.294  10.0 1.9 0.0 0.0 0.0 45
2022-01-29T19:46:13.110 99.645 35.474  10.0 2.0 0.0 0.0 0.0 46
2022-01-29T13:14:22.640 102.474 35.390  10.0 1.9 0.0 0.0 0.0 47
2022-01-29T02:24:25.460 99.804 36.278  10.0 1.5 0.0 0.0 0.0 48
2022-01-28T07:55:18.750 102.676 35.036  7.0 1.3 0.0 0.0 0.0 49
2022-01-28T05:20:1.390 101.435 36.880  11.0 1.1 0.0 0.0 0.0 50
2022-01-27T02:21:18.520 102.925 36.381  4.0 1.8 0.0 0.0 0.0 51
2022-01-27T00:17:23.470 102.717 36.318  0.0 0.0 0.0 0.0 0.0 52
2022-01-26T23:04:39.640 102.797 36.356  0.0 0.2 0.0 0.0 0.0 53
2022-01-25T05:02:54.440 102.866 36.409  19.0 1.3 0.0 0.0 0.0 54
2022-01-20T22:27:1.000 100.324 34.887  9.0 1.9 0.0 0.0 0.0 55
2022-01-20T20:12:54.220 100.497 36.091  10.0 2.3 0.0 0.0 0.0 56
2022-01-19T14:10:42.710 100.406 36.042  10.0 1.4 0.0 0.0 0.0 57
2022-01-18T16:51:50.150 102.505 35.714  9.0 1.3 0.0 0.0 0.0 58
2022-01-18T05:58:5.470 102.249 36.292  11.0 1.9 0.0 0.0 0.0 59
2022-01-17T22:59:52.530 99.815 35.681  0.0 0.0 0.0 0.0 0.0 60
2022-01-17T04:07:8.040 102.021 36.253  10.0 1.3 0.0 0.0 0.0 61
2022-01-16T21:58:10.180 102.016 36.255  11.0 1.7 0.0 0.0 0.0 62
2022-01-15T22:12:3.010 99.459 35.382  9.0 2.1 0.0 0.0 0.0 63
2022-01-15T15:08:11.670 102.057 36.881  0.0 0.0 0.0 0.0 0.0 64
2022-01-15T14:59:46.220 102.070 36.977  9.0 1.5 0.0 0.0 0.0 65
2022-01-14T10:40:38.840 101.810 36.901  9.0 1.5 0.0 0.0 0.0 66
2022-01-14T07:48:5.940 100.180 36.126  9.0 2.7 0.0 0.0 0.0 67
2022-01-12T06:13:57.540 103.234 36.894  8.0 2.2 0.0 0.0 0.0 68
2022-01-10T19:22:40.030 102.924 36.408  10.0 1.0 0.0 0.0 0.0 69
2022-01-10T07:45:10.160 102.898 36.372  5.0 2.2 0.0 0.0 0.0 70
2022-01-09T11:21:28.660 100.180 36.110  10.0 1.8 0.0 0.0 0.0 71
2022-01-09T10:34:13.220 102.082 36.923  0.0 0.0 0.0 0.0 0.0 72
2022-01-07T17:43:57.950 102.022 36.256  7.0 1.1 0.0 0.0 0.0 73
2022-01-07T15:01:47.730 103.404 36.823  7.0 1.8 0.0 0.0 0.0 74
2022-01-07T01:22:55.690 102.870 36.403  18.0 1.1 0.0 0.0 0.0 75
2022-01-05T18:25:42.870 103.328 36.303  7.0 1.5 0.0 0.0 0.0 76
2022-01-05T16:02:7.110 102.817 36.416  8.0 1.6 0.0 0.0 0.0 77
2022-01-01T16:04:34.170 103.671 35.849  7.0 1.7 0.0 0.0 0.0 78
2021-12-31T15:04:30.140 101.464 36.391  12.0 2.0 0.0 0.0 0.0 79
2021-12-31T14:43:46.860 103.442 36.790  7.0 2.1 0.0 0.0 0.0 80
2021-12-30T22:35:21.270 100.166 35.956  7.0 1.5 0.0 0.0 0.0 81
2021-12-29T11:05:33.950 100.151 36.134  8.0 1.5 0.0 0.0 0.0 82
2021-12-29T03:08:16.460 102.871 36.379  6.0 1.3 0.0 0.0 0.0 83
2021-12-26T08:53:50.000 102.032 36.251  7.0 1.0 0.0 0.0 0.0 84
2021-12-25T13:16:34.550 103.657 35.804  15.0 1.8 0.0 0.0 0.0 85
2021-12-23T16:33:31.870 103.229 36.889  10.0 2.0 0.0 0.0 0.0 86
2021-12-23T14:07:16.530 102.251 35.435  10.0 1.6 0.0 0.0 0.0 87
2021-12-22T14:42:52.600 103.440 36.783  3.0 2.2 0.0 0.0 0.0 88
2021-12-20T17:00:30.070 103.190 36.903  6.0 1.9 0.0 0.0 0.0 89
2021-12-20T10:58:4.580 102.042 36.997  9.0 1.7 0.0 0.0 0.0 90
2021-12-19T15:07:48.420 101.900 37.002  10.0 1.9 0.0 0.0 0.0 91
2021-12-18T05:44:3.030 102.885 36.369  3.0 2.1 0.0 0.0 0.0 92
2021-12-17T18:40:33.520 102.198 35.852  9.0 1.9 0.0 0.0 0.0 93
2021-12-17T17:20:31.680 103.081 35.124  6.0 1.4 0.0 0.0 0.0 94
2021-12-17T15:20:28.600 103.405 36.844  6.0 1.5 0.0 0.0 0.0 95
2021-12-14T07:10:6.280 100.142 36.147  10.0 1.7 0.0 0.0 0.0 96
2021-12-13T06:58:20.840 100.807 36.800  10.0 1.7 0.0 0.0 0.0 97
2021-12-11T20:12:41.610 102.921 36.393  7.0 1.5 0.0 0.0 0.0 98
2021-12-11T13:34:23.720 102.911 36.739  7.0 1.2 0.0 0.0 0.0 99
2021-12-11T12:15:56.350 103.401 36.819  7.0 1.5 0.0 0.0 0.0 100
2021-12-11T08:29:34.310 102.022 36.286  6.0 1.1 0.0 0.0 0.0 101
2021-12-11T00:14:15.290 102.938 36.383  7.0 2.3 0.0 0.0 0.0 102
2021-12-10T19:53:12.590 103.256 36.895  7.0 1.6 0.0 0.0 0.0 103
2021-12-07T15:51:9.410 99.845 35.614  0.0 0.0 0.0 0.0 0.0 104
2021-12-05T14:18:19.270 103.430 36.838  17.0 1.8 0.0 0.0 0.0 105
2021-12-03T23:25:54.410 102.889 36.373  0.0 2.2 0.0 0.0 0.0 106
2021-12-02T17:56:38.880 102.886 36.417  14.0 1.7 0.0 0.0 0.0 107
2021-12-02T15:04:48.040 102.977 35.126  5.0 1.4 0.0 0.0 0.0 108
2021-12-01T11:29:12.840 103.469 36.845  6.0 1.1 0.0 0.0 0.0 109
2021-11-29T22:30:53.700 102.042 36.359  8.0 1.9 0.0 0.0 0.0 110
2021-11-29T14:11:36.320 103.769 36.864  6.0 1.8 0.0 0.0 0.0 111
2021-11-27T17:03:35.920 101.800 36.324  9.0 1.2 0.0 0.0 0.0 112
2021-11-27T15:10:13.530 103.446 36.795  12.0 2.1 0.0 0.0 0.0 113
2021-11-26T14:02:52.300 102.966 35.184  7.0 1.4 0.0 0.0 0.0 114
2021-11-25T04:49:27.020 102.223 35.903  7.0 1.0 0.0 0.0 0.0 115
2021-11-25T03:29:13.410 100.654 36.303  10.0 1.0 0.0 0.0 0.0 116
2021-11-24T09:18:40.640 103.747 34.804  8.0 1.7 0.0 0.0 0.0 117
2021-11-23T20:45:45.540 102.906 36.382  6.0 2.1 0.0 0.0 0.0 118
2021-11-23T14:46:43.630 102.974 34.966  6.0 1.3 0.0 0.0 0.0 119
2021-11-22T16:15:47.130 102.854 36.367  5.0 1.5 0.0 0.0 0.0 120
2021-11-20T18:44:18.960 103.212 36.906  10.0 1.5 0.0 0.0 0.0 121
2021-11-18T16:04:7.030 103.694 36.877  17.0 1.4 0.0 0.0 0.0 122
2021-11-17T08:45:31.340 102.882 36.372  4.0 2.3 0.0 0.0 0.0 123
2021-11-16T18:33:10.620 103.199 36.899  5.0 1.6 0.0 0.0 0.0 124
2021-11-16T02:08:16.570 100.942 36.089  10.0 1.2 0.0 0.0 0.0 125
2021-11-15T04:58:38.230 101.799 35.835  10.0 1.3 0.0 0.0 0.0 126
2021-11-14T17:05:25.500 102.158 36.550  7.0 1.7 0.0 0.0 0.0 127
2021-11-14T10:37:45.450 102.326 36.256  5.0 0.9 0.0 0.0 0.0 128
2021-11-13T12:37:36.320 103.484 36.819  6.0 1.3 0.0 0.0 0.0 129
2021-11-13T07:06:20.730 100.656 36.279  7.0 2.0 0.0 0.0 0.0 130
2021-11-12T11:52:52.300 103.754 36.871  9.0 1.7 0.0 0.0 0.0 131
2021-11-12T01:03:5.170 101.602 35.471  8.0 2.3 0.0 0.0 0.0 132
2021-11-09T23:25:23.770 100.235 36.030  9.0 1.7 0.0 0.0 0.0 133
2021-11-08T22:52:33.530 102.933 36.399  6.0 1.2 0.0 0.0 0.0 134
2021-11-08T16:31:34.770 102.830 36.398  6.0 1.7 0.0 0.0 0.0 135
2021-11-05T12:08:21.650 102.890 36.759  6.0 1.5 0.0 0.0 0.0 136
2021-11-03T19:21:36.070 101.169 35.332  11.0 1.4 0.0 0.0 0.0 137
2021-11-02T17:15:56.470 102.157 36.552  5.0 1.5 0.0 0.0 0.0 138
2021-11-02T12:57:49.870 102.158 36.583  8.0 1.6 0.0 0.0 0.0 139
2021-11-01T03:39:9.760 102.248 36.343  8.0 1.1 0.0 0.0 0.0 140
2021-10-31T01:23:29.350 102.709 35.080  5.0 0.9 0.0 0.0 0.0 141
2021-10-29T17:46:20.420 101.629 36.412  5.0 1.7 0.0 0.0 0.0 142
2021-10-29T08:17:30.620 102.624 36.166  7.0 1.3 0.0 0.0 0.0 143
2021-10-29T03:55:38.360 101.882 35.006  9.0 1.4 0.0 0.0 0.0 144
2021-10-27T09:26:48.020 100.638 36.292  7.0 1.3 0.0 0.0 0.0 145
2021-10-27T05:28:30.960 102.887 36.433  0.0 2.6 0.0 0.0 0.0 146
2021-10-26T14:33:29.190 103.339 36.824  6.0 1.5 0.0 0.0 0.0 147
2021-10-26T13:27:26.250 102.051 35.384  9.0 2.1 0.0 0.0 0.0 148
2021-10-26T12:18:44.600 103.532 36.788  9.0 1.8 0.0 0.0 0.0 149
2021-10-25T10:59:22.510 99.510 35.763  9.0 2.0 0.0 0.0 0.0 150
2021-10-23T22:33:58.640 100.652 36.282  11.0 2.1 0.0 0.0 0.0 151
2021-10-23T17:35:57.970 103.458 36.833  6.0 1.9 0.0 0.0 0.0 152
2021-10-23T14:27:43.100 103.433 36.801  10.0 2.1 0.0 0.0 0.0 153
2021-10-23T13:26:29.070 103.541 36.839  9.0 1.2 0.0 0.0 0.0 154
2021-10-23T13:04:54.480 100.649 36.290  10.0 1.7 0.0 0.0 0.0 155
2021-10-22T20:43:22.890 100.649 36.284  6.0 1.7 0.0 0.0 0.0 156
2021-10-22T20:34:22.350 100.649 36.274  6.0 3.0 0.0 0.0 0.0 157
2021-10-22T07:31:5.010 100.070 36.033  7.0 1.3 0.0 0.0 0.0 158
2021-10-22T00:46:21.950 100.698 35.424  6.0 1.7 0.0 0.0 0.0 159
2021-10-21T23:28:48.020 99.840 36.087  9.0 1.5 0.0 0.0 0.0 160
2021-10-21T19:31:46.670 100.645 36.280  8.0 1.4 0.0 0.0 0.0 161
2021-10-21T17:54:46.480 103.208 36.864  10.0 1.8 0.0 0.0 0.0 162
2021-10-21T17:53:12.520 103.219 36.887  5.0 1.7 0.0 0.0 0.0 163
2021-10-21T14:41:41.430 100.642 36.282  7.0 1.2 0.0 0.0 0.0 164
2021-10-21T13:18:51.190 100.651 36.300  8.0 1.4 0.0 0.0 0.0 165
2021-10-21T12:05:47.210 103.336 36.921  10.0 0.7 0.0 0.0 0.0 166
2021-10-21T11:26:18.960 101.887 36.924  5.0 1.8 0.0 0.0 0.0 167
2021-10-21T07:46:22.310 100.198 36.010  8.0 1.8 0.0 0.0 0.0 168
2021-10-20T21:47:46.510 99.913 35.031  8.0 1.5 0.0 0.0 0.0 169
2021-10-20T13:18:1.220 101.765 35.780  8.0 1.2 0.0 0.0 0.0 170
2021-10-20T00:24:21.090 101.040 36.031  7.0 1.0 0.0 0.0 0.0 171
2021-10-18T12:04:1.670 103.102 34.920  5.0 1.1 0.0 0.0 0.0 172
2021-10-17T01:03:59.950 100.644 36.292  9.0 2.6 0.0 0.0 0.0 173
2021-10-16T14:59:33.230 102.728 36.570  10.0 1.8 0.0 0.0 0.0 174
2021-10-16T02:00:54.780 103.466 36.193  7.0 2.5 0.0 0.0 0.0 175
2021-10-15T16:16:14.830 100.656 36.276  7.0 2.2 0.0 0.0 0.0 176
2021-10-15T07:05:22.340 101.135 36.971  8.0 1.4 0.0 0.0 0.0 177
2021-10-15T04:39:5.960 100.652 36.292  6.0 1.2 0.0 0.0 0.0 178
2021-10-15T02:13:12.030 100.647 36.275  8.0 1.5 0.0 0.0 0.0 179
2021-10-14T23:22:4.930 100.655 36.293  8.0 0.7 0.0 0.0 0.0 180
2021-10-14T10:02:42.430 103.386 36.860  7.0 1.7 0.0 0.0 0.0 181
2021-10-13T11:01:11.500 102.701 35.083  7.0 1.8 0.0 0.0 0.0 182
2021-10-12T23:38:39.940 103.766 35.002  15.0 2.6 0.0 0.0 0.0 183
2021-10-12T12:02:23.430 102.937 35.180  6.0 1.0 0.0 0.0 0.0 184
2021-10-11T20:19:9.130 102.019 35.473  8.0 2.7 0.0 0.0 0.0 185
2021-10-11T06:38:26.460 101.755 36.275  10.0 1.5 0.0 0.0 0.0 186
2021-10-10T18:17:26.780 102.158 36.558  8.0 1.6 0.0 0.0 0.0 187
2021-10-09T15:34:8.540 103.497 36.841  8.0 1.6 0.0 0.0 0.0 188
2021-10-09T13:25:38.780 103.501 36.840  10.0 1.1 0.0 0.0 0.0 189
2021-10-08T23:55:16.170 103.345 36.385  10.0 2.0 0.0 0.0 0.0 190
2021-10-07T19:33:38.820 99.433 35.595  11.0 2.8 0.0 0.0 0.0 191
2021-10-07T12:26:12.280 101.514 36.189  7.0 1.8 0.0 0.0 0.0 192
2021-10-05T20:34:33.470 100.298 35.795  9.0 2.6 0.0 0.0 0.0 193
2021-10-05T09:14:29.360 100.169 36.124  9.0 1.5 0.0 0.0 0.0 194
2021-10-04T05:51:0.540 102.926 36.407  10.0 0.8 0.0 0.0 0.0 195
2021-09-30T13:20:39.060 103.090 35.115  8.0 1.5 0.0 0.0 0.0 196
2021-09-30T00:59:56.980 100.655 36.296  9.0 1.5 0.0 0.0 0.0 197
2021-09-29T00:07:29.400 100.652 36.278  9.0 1.6 0.0 0.0 0.0 198
2021-09-27T06:05:36.210 100.661 36.276  10.0 1.7 0.0 0.0 0.0 199
2021-09-26T11:52:15.680 103.257 36.832  16.0 1.9 0.0 0.0 0.0 200
2021-09-25T09:41:18.660 101.526 36.342  10.0 2.1 0.0 0.0 0.0 201
2021-09-24T12:29:10.740 103.052 35.073  7.0 1.3 0.0 0.0 0.0 202
2021-09-22T01:53:13.880 100.654 36.283  8.0 1.6 0.0 0.0 0.0 203
2021-09-21T05:29:32.450 102.757 35.094  7.0 1.2 0.0 0.0 0.0 204
2021-09-20T12:14:38.340 103.397 36.791  6.0 1.0 0.0 0.0 0.0 205
2021-09-20T07:33:6.750 99.488 35.380  8.0 2.4 0.0 0.0 0.0 206
2021-09-19T11:29:6.320 102.068 36.970  5.0 2.0 0.0 0.0 0.0 207
2021-09-18T17:56:54.820 102.281 36.545  8.0 1.3 0.0 0.0 0.0 208
2021-09-17T16:49:36.870 102.904 35.185  6.0 1.4 0.0 0.0 0.0 209
2021-09-17T07:01:10.850 101.047 35.818  6.0 1.5 0.0 0.0 0.0 210
2021-09-16T22:59:17.060 103.042 35.089  5.0 1.0 0.0 0.0 0.0 211
2021-09-16T17:14:45.050 102.772 36.548  5.0 1.1 0.0 0.0 0.0 212
2021-09-14T18:48:1.860 101.172 36.317  9.0 1.9 0.0 0.0 0.0 213
2021-09-12T21:29:13.260 103.457 34.833  7.0 0.7 0.0 0.0 0.0 214
2021-09-12T16:34:46.310 102.926 35.163  10.0 1.5 0.0 0.0 0.0 215
2021-09-12T00:23:45.970 99.545 35.297  9.0 1.8 0.0 0.0 0.0 216
2021-09-11T12:10:25.920 103.446 36.796  10.0 2.2 0.0 0.0 0.0 217
2021-09-07T16:10:54.720 103.653 37.066  10.0 1.1 0.0 0.0 0.0 218
2021-09-05T22:58:52.920 102.053 36.383  8.0 2.9 0.0 0.0 0.0 219
2021-09-05T16:19:43.560 103.440 36.776  12.0 1.6 0.0 0.0 0.0 220
2021-09-03T13:35:58.740 103.222 36.900  0.0 2.1 0.0 0.0 0.0 221
2021-09-03T09:22:29.920 103.419 36.829  7.0 1.8 0.0 0.0 0.0 222
2021-09-01T20:13:5.920 102.374 34.933  5.0 2.9 0.0 0.0 0.0 223
2021-09-01T17:29:29.640 101.905 36.940  6.0 1.8 0.0 0.0 0.0 224
2021-09-01T10:17:39.540 102.427 34.953  6.0 1.6 0.0 0.0 0.0 225
2021-08-31T11:03:27.140 103.414 36.832  7.0 1.9 0.0 0.0 0.0 226
2021-08-31T02:18:40.020 100.053 36.092  12.0 2.5 0.0 0.0 0.0 227
2021-08-29T12:18:12.970 102.817 36.526  10.0 1.9 0.0 0.0 0.0 228
2021-08-26T06:15:10.750 99.444 34.831  8.0 2.5 0.0 0.0 0.0 229
2021-08-22T23:58:39.240 100.845 35.730  9.0 1.5 0.0 0.0 0.0 230
2021-08-22T07:37:44.040 101.961 36.311  7.0 1.4 0.0 0.0 0.0 231
2021-08-21T01:59:56.110 99.697 35.509  0.0 0.0 0.0 0.0 0.0 232
2021-08-20T19:30:56.170 101.908 36.911  5.0 1.6 0.0 0.0 0.0 233
2021-08-20T19:30:39.850 101.882 36.910  5.0 1.6 0.0 0.0 0.0 234
2021-08-20T16:40:14.360 101.725 35.927  8.0 2.0 0.0 0.0 0.0 235
2021-08-20T01:30:0.530 102.900 34.943  10.0 0.4 0.0 0.0 0.0 236
2021-08-19T13:48:59.760 103.025 35.106  14.0 1.2 0.0 0.0 0.0 237
2021-08-18T01:23:27.910 100.493 35.539  9.0 1.3 0.0 0.0 0.0 238
2021-08-17T03:15:6.040 101.588 34.997  7.0 1.0 0.0 0.0 0.0 239
2021-08-15T01:34:11.990 102.678 36.400  7.0 1.1 0.0 0.0 0.0 240
2021-08-14T19:14:49.480 102.789 36.378  0.0 2.6 0.0 0.0 0.0 241
2021-08-14T12:51:49.400 102.820 36.404  10.0 1.9 0.0 0.0 0.0 242
2021-08-14T12:28:24.770 102.998 35.175  14.0 1.3 0.0 0.0 0.0 243
2021-08-14T10:43:45.800 101.874 36.919  5.0 1.5 0.0 0.0 0.0 244
2021-08-14T02:03:16.980 100.284 35.103  11.0 1.2 0.0 0.0 0.0 245
2021-08-13T20:35:10.980 102.623 35.689  7.0 1.8 0.0 0.0 0.0 246
2021-08-12T11:44:45.590 103.050 35.120  10.0 1.3 0.0 0.0 0.0 247
2021-08-10T22:12:29.080 101.503 35.061  9.0 0.8 0.0 0.0 0.0 248
2021-08-10T15:09:35.620 102.164 36.546  8.0 1.3 0.0 0.0 0.0 249
2021-08-10T10:57:9.870 103.672 36.799  4.0 1.4 0.0 0.0 0.0 250
2021-08-09T16:52:23.890 102.904 36.387  0.0 3.1 0.0 0.0 0.0 251
2021-08-09T10:09:41.760 100.238 36.101  11.0 1.8 0.0 0.0 0.0 252
2021-08-05T11:53:13.090 101.772 36.528  9.0 1.4 0.0 0.0 0.0 253
2021-08-02T13:03:13.780 103.441 36.777  8.0 2.0 0.0 0.0 0.0 254
2021-08-01T14:52:19.200 102.896 34.814  20.0 1.2 0.0 0.0 0.0 255
2021-07-31T11:27:10.840 103.183 34.856  7.0 0.9 0.0 0.0 0.0 256
2021-07-30T19:02:25.090 102.337 35.996  10.0 1.6 0.0 0.0 0.0 257
2021-07-28T14:26:41.290 99.612 35.509  0.0 0.0 0.0 0.0 0.0 258
2021-07-28T10:42:34.550 100.676 36.270  9.0 3.2 0.0 0.0 0.0 259
2021-07-28T05:53:54.540 100.167 36.164  5.0 1.7 0.0 0.0 0.0 260
2021-07-28T00:32:53.980 99.482 34.911  7.0 1.4 0.0 0.0 0.0 261
2021-07-27T23:08:55.660 100.660 36.267  6.0 2.3 0.0 0.0 0.0 262
2021-07-27T13:32:46.300 99.409 35.735  7.0 2.9 0.0 0.0 0.0 263
2021-07-25T21:59:22.130 100.490 35.779  10.0 2.4 0.0 0.0 0.0 264
2021-07-25T16:33:21.350 100.662 36.274  7.0 2.7 0.0 0.0 0.0 265
2021-07-25T12:30:54.310 100.647 36.297  7.0 1.7 0.0 0.0 0.0 266
2021-07-25T11:31:50.670 100.639 36.287  6.0 2.1 0.0 0.0 0.0 267
2021-07-25T08:34:17.090 100.642 36.298  6.0 1.6 0.0 0.0 0.0 268
2021-07-24T19:06:19.700 100.631 36.296  8.0 1.6 0.0 0.0 0.0 269
2021-07-24T15:09:57.930 100.635 36.293  10.0 1.4 0.0 0.0 0.0 270
2021-07-24T14:56:12.340 103.008 35.172  14.0 1.1 0.0 0.0 0.0 271
2021-07-24T03:33:11.150 100.656 36.284  6.0 1.1 0.0 0.0 0.0 272
2021-07-23T13:54:39.830 100.641 36.290  6.0 1.7 0.0 0.0 0.0 273
2021-07-23T06:05:8.030 99.602 35.513  0.0 0.0 0.0 0.0 0.0 274
2021-07-22T12:21:17.640 103.350 36.823  14.0 1.3 0.0 0.0 0.0 275
2021-07-21T16:31:41.380 101.906 36.422  7.0 1.4 0.0 0.0 0.0 276
2021-07-21T12:30:48.660 103.425 36.774  10.0 2.0 0.0 0.0 0.0 277
2021-07-21T11:21:14.560 103.188 34.851  6.0 0.9 0.0 0.0 0.0 278
2021-07-21T09:37:33.040 103.747 36.736  7.0 1.2 0.0 0.0 0.0 279
2021-07-21T09:15:47.900 100.652 36.273  10.0 2.3 0.0 0.0 0.0 280
2021-07-20T19:32:40.170 102.567 36.220  10.0 1.8 0.0 0.0 0.0 281
2021-07-20T16:05:15.180 102.211 36.547  11.0 1.4 0.0 0.0 0.0 282
2021-07-18T14:38:57.590 103.424 36.807  6.0 1.8 0.0 0.0 0.0 283
2021-07-18T10:53:42.090 100.647 36.284  6.0 2.1 0.0 0.0 0.0 284
2021-07-17T03:17:50.090 102.896 36.345  5.0 1.2 0.0 0.0 0.0 285
2021-07-13T17:10:35.690 102.156 36.551  10.0 1.5 0.0 0.0 0.0 286
2021-07-13T01:43:13.020 100.645 36.285  6.0 1.6 0.0 0.0 0.0 287
2021-07-10T16:29:35.070 103.686 36.730  16.0 1.1 0.0 0.0 0.0 288
2021-07-09T08:20:55.170 102.812 35.169  14.0 1.3 0.0 0.0 0.0 289
2021-07-09T04:56:55.800 101.590 35.406  7.0 1.3 0.0 0.0 0.0 290
2021-07-07T22:22:41.880 99.610 35.507  0.0 0.0 0.0 0.0 0.0 291
2021-07-06T15:32:12.500 100.774 35.769  9.0 1.7 0.0 0.0 0.0 292
2021-07-04T07:18:5.530 101.404 34.977  11.0 1.3 0.0 0.0 0.0 293
2021-07-03T14:04:3.610 103.697 36.766  13.0 1.8 0.0 0.0 0.0 294
2021-07-02T13:58:16.200 101.539 36.743  6.0 2.0 0.0 0.0 0.0 295
2021-07-01T16:04:26.240 101.864 36.254  10.0 2.1 0.0 0.0 0.0 296
2021-06-28T05:00:4.000 101.874 35.123  10.0 1.3 0.0 0.0 0.0 297
2021-06-28T02:24:30.160 100.090 36.172  9.0 1.2 0.0 0.0 0.0 298
2021-06-26T18:59:49.900 102.156 36.555  9.0 0.9 0.0 0.0 0.0 299
2021-06-26T18:56:21.850 101.307 34.898  0.0 0.0 0.0 0.0 0.0 300
2021-06-26T03:48:6.370 100.242 36.166  10.0 1.2 0.0 0.0 0.0 301
2021-06-26T00:32:39.780 103.341 36.669  6.0 1.2 0.0 0.0 0.0 302
2021-06-26T00:17:30.000 101.354 34.864  0.0 0.0 0.0 0.0 0.0 303
2021-06-25T21:20:17.400 101.324 34.834  0.0 0.0 0.0 0.0 0.0 304
2021-06-25T18:19:42.970 101.283 34.872  0.0 0.0 0.0 0.0 0.0 305
2021-06-25T18:07:38.910 101.325 34.832  0.0 0.0 0.0 0.0 0.0 306
2021-06-25T13:49:33.180 101.327 34.833  0.0 0.0 0.0 0.0 0.0 307
2021-06-25T13:38:40.490 101.334 34.827  0.0 0.0 0.0 0.0 0.0 308
2021-06-25T13:17:28.770 101.292 34.862  0.0 0.0 0.0 0.0 0.0 309
2021-06-25T11:06:56.070 101.747 35.024  0.0 0.0 0.0 0.0 0.0 310
2021-06-25T11:03:56.940 101.324 34.833  0.0 0.0 0.0 0.0 0.0 311
2021-06-25T10:58:43.400 101.311 34.845  0.0 0.0 0.0 0.0 0.0 312
2021-06-25T10:52:3.200 101.327 34.829  0.0 0.0 0.0 0.0 0.0 313
2021-06-25T10:34:18.820 101.399 34.934  0.0 0.0 0.0 0.0 0.0 314
2021-06-25T09:58:49.860 101.322 34.833  0.0 0.0 0.0 0.0 0.0 315
2021-06-25T09:29:23.090 101.789 35.531  0.0 0.0 0.0 0.0 0.0 316
2021-06-25T06:12:35.110 101.302 34.850  0.0 0.0 0.0 0.0 0.0 317
2021-06-25T05:17:37.050 101.377 34.960  9.0 0.9 0.0 0.0 0.0 318
2021-06-24T18:47:19.630 101.531 35.015  0.0 0.0 0.0 0.0 0.0 319
2021-06-24T15:31:57.120 101.324 34.829  0.0 0.0 0.0 0.0 0.0 320
2021-06-24T14:45:27.790 101.442 36.389  8.0 2.2 0.0 0.0 0.0 321
2021-06-24T13:42:42.240 101.298 34.856  0.0 0.0 0.0 0.0 0.0 322
2021-06-24T13:29:43.750 103.782 37.006  20.0 1.4 0.0 0.0 0.0 323
2021-06-22T20:19:6.860 102.206 36.583  8.0 0.9 0.0 0.0 0.0 324
2021-06-22T14:33:47.000 101.367 36.310  7.0 1.4 0.0 0.0 0.0 325
2021-06-22T14:12:52.690 101.389 36.309  7.0 1.0 0.0 0.0 0.0 326
2021-06-22T13:48:32.340 101.769 36.981  7.0 1.5 0.0 0.0 0.0 327
2021-06-22T10:37:59.380 103.026 35.137  20.0 1.4 0.0 0.0 0.0 328
2021-06-22T02:14:21.680 101.353 36.529  7.0 1.1 0.0 0.0 0.0 329
2021-06-21T20:31:47.820 103.440 36.803  8.0 1.7 0.0 0.0 0.0 330
2021-06-20T12:52:45.950 99.469 35.757  9.0 1.5 0.0 0.0 0.0 331
2021-06-19T18:32:54.220 102.873 36.383  7.0 1.5 0.0 0.0 0.0 332
2021-06-19T15:15:4.770 102.158 36.552  9.0 1.4 0.0 0.0 0.0 333
2021-06-18T14:57:52.460 102.998 35.119  5.0 1.3 0.0 0.0 0.0 334
2021-06-16T20:03:59.040 103.410 36.802  15.0 1.6 0.0 0.0 0.0 335
2021-06-16T14:33:42.980 102.161 36.560  9.0 1.7 0.0 0.0 0.0 336
2021-06-15T12:48:49.540 102.432 36.036  5.0 1.5 0.0 0.0 0.0 337
2021-06-13T12:09:49.800 102.884 36.446  7.0 2.2 0.0 0.0 0.0 338
2021-06-13T11:45:11.450 103.002 35.174  5.0 1.2 0.0 0.0 0.0 339
2021-06-12T18:27:19.390 102.161 36.559  10.0 1.6 0.0 0.0 0.0 340
2021-06-12T14:08:53.920 102.159 36.643  6.0 1.7 0.0 0.0 0.0 341
2021-06-12T12:07:26.020 102.904 35.134  8.0 1.2 0.0 0.0 0.0 342
2021-06-12T11:39:6.180 103.718 37.049  6.0 1.4 0.0 0.0 0.0 343
2021-06-11T01:02:40.630 100.227 35.904  9.0 3.4 0.0 0.0 0.0 344
2021-06-10T10:41:55.700 99.621 35.431  9.0 1.9 0.0 0.0 0.0 345
2021-06-09T23:34:56.650 102.929 35.009  6.0 1.1 0.0 0.0 0.0 346
2021-06-09T07:19:27.870 102.154 36.332  5.0 1.5 0.0 0.0 0.0 347
2021-06-08T10:55:15.930 103.735 36.737  7.0 1.4 0.0 0.0 0.0 348
2021-06-08T00:36:8.080 101.066 36.027  9.0 1.3 0.0 0.0 0.0 349
2021-06-06T21:40:46.130 102.283 36.287  10.0 0.9 0.0 0.0 0.0 350
2021-06-06T10:54:28.960 102.797 36.548  5.0 1.3 0.0 0.0 0.0 351
2021-06-05T02:40:2.980 102.939 36.409  6.0 1.6 0.0 0.0 0.0 352
2021-06-04T11:49:15.730 103.008 36.785  5.0 1.6 0.0 0.0 0.0 353
2021-06-03T17:42:45.080 103.104 35.096  5.0 1.4 0.0 0.0 0.0 354
2021-06-03T16:39:45.420 102.893 35.188  10.0 1.5 0.0 0.0 0.0 355
2021-06-03T14:45:46.720 102.652 36.518  8.0 1.2 0.0 0.0 0.0 356
2021-06-03T08:44:47.910 99.425 35.723  10.0 2.1 0.0 0.0 0.0 357
2021-06-03T06:53:14.950 100.650 36.290  6.0 1.3 0.0 0.0 0.0 358
2021-06-02T17:58:24.510 100.652 36.278  6.0 2.6 0.0 0.0 0.0 359
2021-06-02T04:18:45.240 99.425 35.699  9.0 3.4 0.0 0.0 0.0 360
2021-06-02T02:06:17.460 99.706 34.887  9.0 1.4 0.0 0.0 0.0 361
2021-06-01T19:04:23.730 100.636 36.269  9.0 1.6 0.0 0.0 0.0 362
2021-06-01T15:44:28.690 103.185 36.915  20.0 1.4 0.0 0.0 0.0 363
2021-06-01T09:55:29.320 99.427 35.234  9.0 1.6 0.0 0.0 0.0 364
2021-05-29T12:45:18.010 102.836 36.510  7.0 1.7 0.0 0.0 0.0 365
2021-05-28T15:06:2.740 103.194 36.910  15.0 2.0 0.0 0.0 0.0 366
2021-05-28T13:19:40.120 101.085 36.773  6.0 1.0 0.0 0.0 0.0 367
2021-05-28T10:12:49.160 103.721 36.762  17.0 1.8 0.0 0.0 0.0 368
2021-05-28T04:57:26.530 100.647 36.280  10.0 1.7 0.0 0.0 0.0 369
2021-05-28T00:55:57.770 103.718 34.984  10.0 1.9 0.0 0.0 0.0 370
2021-05-27T22:35:46.160 101.094 36.980  10.0 0.6 0.0 0.0 0.0 371
2021-05-27T22:02:55.760 100.630 36.291  10.0 1.0 0.0 0.0 0.0 372
2021-05-27T11:46:2.070 100.083 36.574  0.0 0.0 0.0 0.0 0.0 373
2021-05-27T10:34:57.120 103.106 35.093  7.0 1.6 0.0 0.0 0.0 374
2021-05-26T15:25:36.610 103.269 36.871  17.0 1.1 0.0 0.0 0.0 375
2021-05-26T10:02:21.210 103.227 36.892  5.0 1.9 0.0 0.0 0.0 376
2021-05-24T05:11:37.490 102.923 36.415  6.0 1.0 0.0 0.0 0.0 377
2021-05-23T17:52:27.280 103.399 36.847  20.0 1.5 0.0 0.0 0.0 378
2021-05-22T20:26:0.040 102.363 34.883  13.0 1.4 0.0 0.0 0.0 379
2021-05-22T14:12:5.610 102.160 36.550  7.0 1.4 0.0 0.0 0.0 380
2021-05-21T16:28:12.550 102.550 34.957  6.0 1.7 0.0 0.0 0.0 381
2021-05-21T10:57:39.650 103.182 36.911  20.0 1.9 0.0 0.0 0.0 382
2021-05-20T13:31:33.940 102.409 36.363  9.0 1.1 0.0 0.0 0.0 383
2021-05-19T23:46:7.970 101.440 35.582  10.0 2.1 0.0 0.0 0.0 384
2021-05-19T18:29:11.910 102.733 36.363  14.0 1.6 0.0 0.0 0.0 385
2021-05-19T15:02:8.530 103.175 34.880  6.0 1.2 0.0 0.0 0.0 386
2021-05-19T11:31:27.250 103.441 36.789  7.0 1.8 0.0 0.0 0.0 387
2021-05-18T17:42:44.290 102.910 34.802  8.0 1.4 0.0 0.0 0.0 388
2021-05-17T14:59:48.780 103.387 36.847  20.0 1.9 0.0 0.0 0.0 389
2021-05-17T13:58:34.380 102.849 36.373  6.0 1.6 0.0 0.0 0.0 390
2021-05-17T13:05:41.000 103.225 36.893  9.0 1.7 0.0 0.0 0.0 391
2021-05-17T13:01:16.830 103.237 36.892  11.0 1.8 0.0 0.0 0.0 392
2021-05-17T12:35:47.230 103.341 36.807  11.0 1.6 0.0 0.0 0.0 393
2021-05-16T19:39:26.780 99.501 35.390  8.0 2.0 0.0 0.0 0.0 394
2021-05-16T17:27:15.530 102.192 36.555  15.0 1.4 0.0 0.0 0.0 395
2021-05-16T12:28:51.590 103.026 35.154  10.0 1.2 0.0 0.0 0.0 396
2021-05-16T10:49:56.180 103.308 36.856  20.0 1.1 0.0 0.0 0.0 397
2021-05-13T13:32:49.440 103.373 36.774  8.0 1.6 0.0 0.0 0.0 398
2021-05-13T11:42:23.700 103.543 36.827  6.0 1.3 0.0 0.0 0.0 399
2021-05-11T16:59:12.580 102.921 36.755  8.0 1.6 0.0 0.0 0.0 400
2021-05-11T14:49:45.580 102.705 35.075  8.0 1.9 0.0 0.0 0.0 401
2021-05-10T20:47:48.710 100.649 36.277  9.0 1.1 0.0 0.0 0.0 402
2021-05-10T14:26:57.810 103.782 36.791  6.0 1.7 0.0 0.0 0.0 403
2021-05-10T09:48:29.690 103.717 36.750  6.0 1.9 0.0 0.0 0.0 404
2021-05-08T11:40:27.180 103.324 36.908  8.0 1.5 0.0 0.0 0.0 405
2021-05-06T11:24:39.380 102.211 36.255  8.0 1.5 0.0 0.0 0.0 406
2021-05-06T02:28:7.280 102.425 34.858  16.0 1.1 0.0 0.0 0.0 407
2021-05-05T06:42:43.690 102.712 34.935  5.0 2.3 0.0 0.0 0.0 408
2021-05-05T06:42:34.660 102.726 34.949  16.0 1.8 0.0 0.0 0.0 409
2021-05-04T02:13:3.370 102.917 36.372  0.0 1.4 0.0 0.0 0.0 410
2021-04-30T05:30:32.440 100.999 36.185  10.0 1.8 0.0 0.0 0.0 411
2021-04-28T23:28:47.110 103.281 36.420  6.0 1.4 0.0 0.0 0.0 412
2021-04-27T08:54:34.190 102.825 35.139  6.0 1.4 0.0 0.0 0.0 413
2021-04-27T04:20:53.490 101.001 36.185  8.0 1.7 0.0 0.0 0.0 414
2021-04-26T23:20:40.600 103.669 35.842  17.0 1.7 0.0 0.0 0.0 415
2021-04-24T12:11:52.840 103.424 36.803  18.0 1.9 0.0 0.0 0.0 416
2021-04-24T10:52:32.370 99.541 35.437  10.0 2.1 0.0 0.0 0.0 417
2021-04-23T10:13:9.050 103.450 36.885  8.0 1.9 0.0 0.0 0.0 418
2021-04-22T16:35:14.140 103.639 36.641  14.0 1.7 0.0 0.0 0.0 419
2021-04-22T15:44:8.740 103.173 34.884  7.0 1.2 0.0 0.0 0.0 420
2021-04-22T12:06:40.320 101.486 34.999  9.0 1.8 0.0 0.0 0.0 421
2021-04-22T00:18:59.140 102.606 36.967  8.0 1.1 0.0 0.0 0.0 422
2021-04-21T12:14:12.560 102.820 36.520  7.0 1.8 0.0 0.0 0.0 423
2021-04-21T10:57:22.220 103.695 36.784  20.0 1.9 0.0 0.0 0.0 424
2021-04-21T10:01:23.790 103.427 36.810  10.0 2.0 0.0 0.0 0.0 425
2021-04-21T08:18:13.880 102.408 36.344  5.0 1.8 0.0 0.0 0.0 426
2021-04-20T17:35:54.040 103.229 36.780  8.0 1.3 0.0 0.0 0.0 427
2021-04-20T15:43:2.630 103.224 36.874  12.0 2.3 0.0 0.0 0.0 428
2021-04-20T15:06:48.830 103.323 36.828  17.0 1.7 0.0 0.0 0.0 429
2021-04-19T00:24:11.460 101.666 35.528  7.0 1.5 0.0 0.0 0.0 430
2021-04-18T21:00:34.880 102.200 36.253  11.0 1.8 0.0 0.0 0.0 431
2021-04-18T20:59:8.370 102.214 36.247  10.0 1.6 0.0 0.0 0.0 432
2021-04-18T20:58:53.260 102.207 36.248  11.0 1.2 0.0 0.0 0.0 433
2021-04-17T19:05:42.240 102.200 36.568  10.0 1.5 0.0 0.0 0.0 434
2021-04-17T12:36:58.470 103.281 36.873  20.0 1.4 0.0 0.0 0.0 435
2021-04-17T11:19:38.990 103.384 36.801  9.0 1.9 0.0 0.0 0.0 436
2021-04-17T08:35:28.630 101.982 36.245  6.0 1.6 0.0 0.0 0.0 437
2021-04-16T17:30:22.860 101.451 36.388  0.0 2.2 0.0 0.0 0.0 438
2021-04-16T09:04:17.240 103.381 36.835  11.0 1.9 0.0 0.0 0.0 439
2021-04-16T07:06:0.230 101.440 36.412  7.0 1.1 0.0 0.0 0.0 440
2021-04-15T07:07:45.280 101.213 36.283  9.0 1.4 0.0 0.0 0.0 441
2021-04-15T07:05:14.770 101.212 36.282  9.0 2.0 0.0 0.0 0.0 442
2021-04-14T18:37:13.760 102.849 35.019  5.0 1.8 0.0 0.0 0.0 443
2021-04-14T00:17:49.490 102.090 35.625  11.0 1.3 0.0 0.0 0.0 444
2021-04-12T11:45:21.120 102.856 36.392  20.0 2.0 0.0 0.0 0.0 445
2021-04-12T03:18:2.180 100.288 34.957  7.0 1.0 0.0 0.0 0.0 446
2021-04-10T18:07:20.090 100.216 36.137  8.0 1.6 0.0 0.0 0.0 447
2021-04-10T04:04:50.090 100.647 36.305  8.0 1.2 0.0 0.0 0.0 448
2021-04-09T17:37:22.300 100.640 36.282  5.0 1.5 0.0 0.0 0.0 449
2021-04-09T12:55:2.680 103.458 36.784  11.0 1.3 0.0 0.0 0.0 450
2021-04-09T12:45:11.330 100.647 36.291  9.0 1.6 0.0 0.0 0.0 451
2021-04-09T12:32:33.130 102.860 35.386  16.0 1.6 0.0 0.0 0.0 452
2021-04-09T12:12:20.050 100.656 36.278  9.0 1.9 0.0 0.0 0.0 453
2021-04-09T11:41:4.500 100.652 36.282  9.0 1.6 0.0 0.0 0.0 454
2021-04-09T04:33:47.780 100.647 36.308  9.0 1.1 0.0 0.0 0.0 455
2021-04-09T02:25:39.950 100.636 36.291  9.0 1.3 0.0 0.0 0.0 456
2021-04-08T17:31:4.470 100.651 36.282  9.0 2.2 0.0 0.0 0.0 457
2021-04-08T15:23:29.870 100.641 36.291  8.0 1.7 0.0 0.0 0.0 458
2021-04-08T12:50:27.080 102.563 36.503  7.0 1.8 0.0 0.0 0.0 459
2021-04-08T06:05:18.530 100.639 36.290  9.0 1.4 0.0 0.0 0.0 460
2021-04-08T05:28:56.750 100.650 36.282  9.0 0.9 0.0 0.0 0.0 461
2021-04-08T05:24:39.680 100.644 36.288  9.0 1.0 0.0 0.0 0.0 462
2021-04-08T05:05:44.080 100.657 36.286  9.0 1.1 0.0 0.0 0.0 463
2021-04-08T01:27:40.260 100.654 36.286  9.0 1.0 0.0 0.0 0.0 464
2021-04-07T18:35:44.250 103.167 36.917  20.0 1.4 0.0 0.0 0.0 465
2021-04-07T18:30:56.080 100.663 36.275  9.0 2.0 0.0 0.0 0.0 466
2021-04-07T12:33:59.930 102.697 36.526  7.0 1.3 0.0 0.0 0.0 467
2021-04-04T17:06:44.890 102.629 36.496  10.0 1.8 0.0 0.0 0.0 468
2021-04-04T12:04:4.040 102.857 36.497  14.0 1.9 0.0 0.0 0.0 469
2021-04-02T17:40:52.770 102.615 36.551  11.0 1.3 0.0 0.0 0.0 470
2021-04-02T09:26:51.880 103.400 36.830  8.0 1.8 0.0 0.0 0.0 471
2021-04-02T01:11:30.860 102.715 35.088  8.0 1.2 0.0 0.0 0.0 472
2021-03-30T19:42:45.460 103.159 36.904  10.0 1.5 0.0 0.0 0.0 473
2021-03-30T19:24:2.740 103.199 36.901  20.0 1.7 0.0 0.0 0.0 474
2021-03-29T17:04:32.170 99.532 35.496  10.0 2.0 0.0 0.0 0.0 475
2021-03-28T02:32:10.830 99.565 35.375  8.0 1.4 0.0 0.0 0.0 476
2021-03-27T15:05:43.040 103.228 36.886  5.0 1.7 0.0 0.0 0.0 477
2021-03-26T21:21:25.130 101.285 36.067  7.0 1.5 0.0 0.0 0.0 478
2021-03-26T17:47:21.910 103.459 36.802  20.0 1.5 0.0 0.0 0.0 479
2021-03-26T15:12:1.280 103.194 34.857  7.0 1.3 0.0 0.0 0.0 480
2021-03-25T09:15:4.590 100.916 35.460  6.0 2.2 0.0 0.0 0.0 481
2021-03-24T11:56:52.370 103.173 34.860  6.0 1.1 0.0 0.0 0.0 482
2021-03-24T11:20:0.250 101.516 36.328  11.0 1.4 0.0 0.0 0.0 483
2021-03-24T02:06:47.310 101.287 36.067  8.0 1.7 0.0 0.0 0.0 484
2021-03-24T01:44:53.650 101.296 36.064  8.0 1.4 0.0 0.0 0.0 485
2021-03-23T23:31:15.960 101.299 36.083  8.0 3.8 0.0 0.0 0.0 486
2021-03-23T22:08:52.410 99.649 35.456  0.0 0.0 0.0 0.0 0.0 487
2021-03-23T14:34:58.010 100.524 36.420  9.0 1.8 0.0 0.0 0.0 488
2021-03-23T13:16:54.160 102.830 35.386  12.0 1.4 0.0 0.0 0.0 489
2021-03-23T00:58:35.120 101.857 35.590  9.0 1.9 0.0 0.0 0.0 490
2021-03-22T01:28:50.770 99.492 35.538  10.0 2.0 0.0 0.0 0.0 491
2021-03-20T13:47:36.130 102.276 36.536  9.0 1.8 0.0 0.0 0.0 492
2021-03-20T06:46:37.290 102.860 36.395  8.0 1.6 0.0 0.0 0.0 493
2021-03-19T17:20:0.870 103.168 34.856  2.0 1.1 0.0 0.0 0.0 494
2021-03-19T03:25:28.810 102.665 35.104  5.0 1.3 0.0 0.0 0.0 495
2021-03-17T23:30:56.060 103.178 36.405  9.0 3.1 0.0 0.0 0.0 496
2021-03-17T15:45:28.390 102.787 36.511  8.0 1.3 0.0 0.0 0.0 497
2021-03-17T15:17:48.520 103.197 36.896  6.0 2.0 0.0 0.0 0.0 498
2021-03-17T13:39:18.170 103.195 34.858  9.0 1.3 0.0 0.0 0.0 499
2021-03-17T12:17:38.710 103.460 36.824  6.0 1.7 0.0 0.0 0.0 500
2021-03-16T01:39:0.680 100.060 35.442  8.0 0.9 0.0 0.0 0.0 501
2021-03-12T13:06:29.740 103.199 34.848  20.0 0.9 0.0 0.0 0.0 502
2021-03-11T05:59:22.210 101.349 36.953  8.0 1.3 0.0 0.0 0.0 503
2021-03-11T02:27:10.660 101.516 36.335  8.0 1.1 0.0 0.0 0.0 504
2021-03-10T02:19:22.750 99.572 35.456  8.0 1.5 0.0 0.0 0.0 505
2021-03-09T17:36:9.420 103.186 36.902  16.0 1.8 0.0 0.0 0.0 506
2021-03-07T12:37:25.830 101.139 35.322  6.0 2.0 0.0 0.0 0.0 507
2021-03-07T07:36:3.650 101.509 36.619  8.0 1.1 0.0 0.0 0.0 508
2021-03-06T16:50:51.320 102.770 34.968  5.0 1.3 0.0 0.0 0.0 509
2021-03-04T12:23:47.570 99.507 35.513  10.0 2.1 0.0 0.0 0.0 510
2021-03-03T12:16:52.760 102.271 36.380  9.0 1.1 0.0 0.0 0.0 511
2021-03-02T05:09:43.010 100.245 36.036  7.0 1.7 0.0 0.0 0.0 512
2021-03-01T23:06:34.890 101.290 36.115  8.0 0.8 0.0 0.0 0.0 513
2021-02-22T16:34:9.990 102.845 36.407  20.0 1.2 0.0 0.0 0.0 514
2021-02-21T21:01:56.850 99.543 35.474  10.0 3.0 0.0 0.0 0.0 515
2021-02-21T04:12:58.260 99.509 35.499  11.0 1.1 0.0 0.0 0.0 516
2021-02-21T00:09:26.970 99.841 35.549  7.0 1.2 0.0 0.0 0.0 517
2021-02-20T00:07:36.050 99.522 35.420  10.0 1.5 0.0 0.0 0.0 518
2021-02-19T23:54:12.320 99.511 35.510  10.0 3.4 0.0 0.0 0.0 519
2021-02-19T02:50:32.830 102.349 36.356  6.0 1.3 0.0 0.0 0.0 520
2021-02-18T11:54:12.850 99.553 35.481  9.0 1.7 0.0 0.0 0.0 521
2021-02-18T03:25:21.120 100.185 36.064  10.0 1.9 0.0 0.0 0.0 522
2021-02-17T03:34:27.140 102.935 36.402  9.0 1.0 0.0 0.0 0.0 523
2021-02-17T02:09:31.880 102.832 36.391  7.0 0.9 0.0 0.0 0.0 524
2021-02-15T21:13:17.450 99.607 35.474  11.0 1.2 0.0 0.0 0.0 525
2021-02-15T01:00:27.130 99.536 35.496  9.0 1.6 0.0 0.0 0.0 526
2021-02-14T03:42:13.280 101.596 35.526  9.0 1.3 0.0 0.0 0.0 527
2021-02-13T19:57:50.080 99.516 35.396  9.0 1.9 0.0 0.0 0.0 528
2021-02-13T12:12:55.170 99.480 35.479  10.0 2.4 0.0 0.0 0.0 529
2021-02-09T04:54:47.140 101.841 34.972  7.0 0.8 0.0 0.0 0.0 530
2021-02-09T04:48:23.370 103.581 35.123  18.0 0.7 0.0 0.0 0.0 531
2021-02-09T02:30:2.700 102.876 36.398  18.0 1.1 0.0 0.0 0.0 532
2021-02-08T20:48:51.990 102.860 36.445  5.0 1.1 0.0 0.0 0.0 533
2021-02-08T04:23:56.070 102.902 36.401  10.0 1.0 0.0 0.0 0.0 534
2021-02-08T00:52:9.620 101.546 35.368  8.0 1.1 0.0 0.0 0.0 535
2021-02-05T06:01:56.900 100.865 35.845  10.0 1.4 0.0 0.0 0.0 536
2021-02-05T02:31:50.370 99.503 35.505  8.0 2.6 0.0 0.0 0.0 537
2021-02-04T05:05:49.900 100.098 36.587  0.0 0.0 0.0 0.0 0.0 538
2021-02-04T00:07:37.110 101.899 35.090  10.0 1.3 0.0 0.0 0.0 539
2021-02-03T23:26:24.710 101.872 35.122  11.0 2.4 0.0 0.0 0.0 540
2021-02-03T14:26:53.400 102.816 36.416  20.0 1.8 0.0 0.0 0.0 541
2021-02-03T12:27:55.830 99.549 35.496  9.0 1.6 0.0 0.0 0.0 542
2021-02-03T12:26:51.760 99.526 35.509  10.0 2.0 0.0 0.0 0.0 543
2021-02-03T09:51:14.920 103.390 36.800  10.0 1.8 0.0 0.0 0.0 544
2021-02-03T09:44:27.060 102.733 35.133  6.0 1.1 0.0 0.0 0.0 545
2021-02-02T17:47:18.460 101.998 36.331  9.0 1.3 0.0 0.0 0.0 546
2021-02-01T05:17:11.160 101.772 36.496  9.0 1.5 0.0 0.0 0.0 547
2021-01-30T16:35:35.720 100.481 35.800  9.0 1.7 0.0 0.0 0.0 548
2021-01-30T13:00:30.820 103.286 36.872  10.0 1.6 0.0 0.0 0.0 549
2021-01-30T12:07:43.020 103.382 36.814  5.0 1.6 0.0 0.0 0.0 550
2021-01-29T15:54:34.570 101.555 34.999  6.0 1.8 0.0 0.0 0.0 551
2021-01-29T12:42:50.390 102.817 36.528  5.0 1.9 0.0 0.0 0.0 552
2021-01-28T14:50:39.380 103.220 36.839  4.0 1.6 0.0 0.0 0.0 553
2021-01-28T13:15:55.510 103.469 36.779  14.0 1.7 0.0 0.0 0.0 554
2021-01-28T11:11:28.640 103.453 36.813  6.0 1.6 0.0 0.0 0.0 555
2021-01-26T22:52:17.150 101.863 35.109  10.0 1.5 0.0 0.0 0.0 556
2021-01-26T21:18:20.010 99.543 35.525  10.0 1.7 0.0 0.0 0.0 557
2021-01-26T19:22:14.590 99.517 35.509  10.0 2.4 0.0 0.0 0.0 558
2021-01-26T12:28:46.260 99.534 35.467  10.0 1.8 0.0 0.0 0.0 559
2021-01-26T11:25:0.410 99.546 35.461  10.0 1.9 0.0 0.0 0.0 560
2021-01-26T10:22:12.860 99.546 35.495  10.0 1.7 0.0 0.0 0.0 561
2021-01-25T20:29:51.170 102.927 36.405  9.0 1.3 0.0 0.0 0.0 562
2021-01-23T01:56:53.740 102.207 36.314  7.0 1.2 0.0 0.0 0.0 563
2021-01-22T16:14:6.060 103.333 36.793  20.0 1.6 0.0 0.0 0.0 564
2021-01-22T15:30:35.700 101.368 36.510  5.0 1.0 0.0 0.0 0.0 565
2021-01-22T10:01:2.960 103.426 36.804  16.0 1.5 0.0 0.0 0.0 566
2021-01-22T06:13:54.830 102.952 36.410  12.0 1.1 0.0 0.0 0.0 567
2021-01-21T13:26:46.160 102.811 36.523  7.0 1.8 0.0 0.0 0.0 568
2021-01-21T12:51:40.840 103.366 36.835  20.0 1.0 0.0 0.0 0.0 569
2021-01-20T15:17:34.140 102.872 36.430  0.0 2.8 0.0 0.0 0.0 570
2021-01-19T19:48:58.700 103.219 36.855  12.0 1.8 0.0 0.0 0.0 571
2021-01-19T17:43:47.060 103.504 36.779  6.0 1.5 0.0 0.0 0.0 572
2021-01-19T15:37:59.470 103.043 36.769  18.0 1.8 0.0 0.0 0.0 573
2021-01-18T10:10:10.170 102.208 36.315  6.0 1.3 0.0 0.0 0.0 574
2021-01-18T06:37:25.680 102.166 36.235  5.0 0.9 0.0 0.0 0.0 575
2021-01-17T14:05:39.880 102.829 35.346  19.0 1.3 0.0 0.0 0.0 576
2021-01-16T15:22:22.780 103.788 36.512  6.0 1.7 0.0 0.0 0.0 577
2021-01-15T12:51:51.020 103.421 36.831  5.0 1.4 0.0 0.0 0.0 578
2021-01-12T20:45:0.740 101.512 36.347  6.0 1.3 0.0 0.0 0.0 579
2021-01-11T07:36:43.840 101.305 36.355  0.0 0.0 0.0 0.0 0.0 580
2021-01-11T07:35:58.600 101.326 36.418  0.0 0.0 0.0 0.0 0.0 581
2021-01-11T03:35:59.570 101.440 36.490  11.0 1.3 0.0 0.0 0.0 582
2021-01-10T02:49:21.530 101.282 36.360  9.0 2.3 0.0 0.0 0.0 583
2021-01-09T18:25:22.080 103.468 36.798  9.0 1.6 0.0 0.0 0.0 584
2021-01-09T16:39:6.860 103.437 36.810  12.0 1.5 0.0 0.0 0.0 585
2021-01-09T16:36:27.960 102.822 36.495  6.0 1.5 0.0 0.0 0.0 586
2021-01-08T21:12:43.960 100.912 36.862  9.0 1.5 0.0 0.0 0.0 587
2021-01-08T14:36:58.590 101.465 36.386  10.0 2.1 0.0 0.0 0.0 588
2021-01-08T01:09:6.160 101.522 36.335  8.0 1.7 0.0 0.0 0.0 589
2021-01-06T13:30:16.350 103.258 36.880  6.0 1.8 0.0 0.0 0.0 590
2021-01-06T13:14:16.150 101.496 36.325  8.0 1.2 0.0 0.0 0.0 591
2021-01-06T02:00:0.680 101.454 36.503  9.0 1.4 0.0 0.0 0.0 592
2021-01-05T14:59:42.080 101.525 36.346  9.0 2.4 0.0 0.0 0.0 593
2021-01-05T10:54:41.320 101.521 36.345  9.0 2.9 0.0 0.0 0.0 594
2021-01-05T03:59:13.350 101.533 36.344  9.0 2.4 0.0 0.0 0.0 595
2021-01-04T17:58:49.000 103.250 36.830  8.0 1.9 0.0 0.0 0.0 596
2021-01-04T08:35:15.280 99.896 35.655  0.0 0.0 0.0 0.0 0.0 597
2020-12-31T10:24:8.950 103.431 36.790  11.0 1.8 0.0 0.0 0.0 598
2020-12-31T07:56:47.150 99.742 34.939  10.0 2.2 0.0 0.0 0.0 599
2020-12-30T12:00:13.970 103.255 34.828  3.0 0.7 0.0 0.0 0.0 600
2020-12-30T00:39:9.230 100.642 36.289  9.0 2.2 0.0 0.0 0.0 601
2020-12-29T13:35:21.600 103.473 36.797  10.0 1.3 0.0 0.0 0.0 602
2020-12-29T01:49:30.530 101.481 36.251  9.0 1.4 0.0 0.0 0.0 603
2020-12-28T11:45:28.450 101.781 36.907  9.0 1.3 0.0 0.0 0.0 604
2020-12-25T14:29:31.960 103.199 36.911  20.0 1.7 0.0 0.0 0.0 605
2020-12-25T00:10:46.810 101.603 36.715  9.0 0.7 0.0 0.0 0.0 606
2020-12-24T21:06:22.660 100.100 35.956  9.0 3.7 0.0 0.0 0.0 607
2020-12-24T16:48:42.980 103.453 36.822  6.0 1.4 0.0 0.0 0.0 608
2020-12-24T11:22:49.000 103.418 36.787  16.0 1.7 0.0 0.0 0.0 609
2020-12-23T12:10:22.880 103.450 36.793  13.0 2.3 0.0 0.0 0.0 610
2020-12-23T10:59:36.460 103.730 36.753  3.0 1.8 0.0 0.0 0.0 611
2020-12-22T12:08:45.480 103.007 36.841  7.0 1.5 0.0 0.0 0.0 612
2020-12-20T13:54:27.370 100.284 36.158  8.0 2.4 0.0 0.0 0.0 613
2020-12-19T15:38:25.320 103.232 36.851  9.0 1.8 0.0 0.0 0.0 614
2020-12-18T17:24:56.510 103.459 36.814  20.0 1.8 0.0 0.0 0.0 615
2020-12-18T10:44:51.040 102.802 36.428  5.0 2.0 0.0 0.0 0.0 616
2020-12-17T17:15:14.940 103.226 36.891  6.0 1.7 0.0 0.0 0.0 617
2020-12-17T12:25:44.460 103.334 36.784  8.0 1.7 0.0 0.0 0.0 618
2020-12-17T10:15:12.220 103.451 36.790  8.0 1.9 0.0 0.0 0.0 619
2020-12-16T15:39:26.820 100.215 35.103  6.0 1.6 0.0 0.0 0.0 620
2020-12-15T12:46:41.880 103.026 36.794  10.0 1.7 0.0 0.0 0.0 621
2020-12-14T21:32:39.520 102.518 35.598  9.0 1.6 0.0 0.0 0.0 622
2020-12-13T17:22:45.140 102.705 36.041  6.0 2.2 0.0 0.0 0.0 623
2020-12-13T10:23:26.850 103.216 36.901  6.0 1.7 0.0 0.0 0.0 624
2020-12-13T07:33:46.380 103.094 34.948  10.0 0.5 0.0 0.0 0.0 625
2020-12-12T11:43:7.300 103.444 36.806  14.0 2.2 0.0 0.0 0.0 626
2020-12-11T12:38:20.920 102.838 36.391  10.0 1.8 0.0 0.0 0.0 627
2020-12-10T17:24:17.470 100.520 36.421  6.0 1.9 0.0 0.0 0.0 628
2020-12-09T17:21:20.500 102.895 36.382  7.0 1.9 0.0 0.0 0.0 629
2020-12-08T13:23:15.130 103.425 36.823  6.0 1.8 0.0 0.0 0.0 630
2020-12-08T09:26:28.260 103.331 36.803  6.0 1.6 0.0 0.0 0.0 631
2020-12-06T20:41:44.040 99.617 35.509  0.0 0.0 0.0 0.0 0.0 632
2020-12-06T10:04:56.890 103.365 36.850  10.0 1.3 0.0 0.0 0.0 633
2020-12-05T14:11:29.710 103.217 36.904  5.0 2.1 0.0 0.0 0.0 634
2020-12-05T00:41:14.890 103.125 35.667  14.0 1.7 0.0 0.0 0.0 635
2020-12-04T21:11:9.630 103.204 36.906  15.0 2.1 0.0 0.0 0.0 636
2020-12-03T14:37:8.220 103.214 36.837  6.0 1.6 0.0 0.0 0.0 637
2020-12-02T17:24:41.150 101.609 35.486  9.0 2.3 0.0 0.0 0.0 638
2020-11-29T18:45:55.340 101.480 35.005  8.0 2.1 0.0 0.0 0.0 639
2020-11-29T04:20:33.230 100.650 36.274  10.0 2.5 0.0 0.0 0.0 640
2020-11-28T09:42:44.840 103.441 36.790  10.0 1.9 0.0 0.0 0.0 641
2020-11-27T12:12:31.550 103.022 36.782  6.0 1.8 0.0 0.0 0.0 642
2020-11-25T15:35:19.240 102.514 36.273  7.0 1.8 0.0 0.0 0.0 643
2020-11-25T12:05:7.350 103.198 36.913  13.0 2.2 0.0 0.0 0.0 644
2020-11-24T12:32:28.550 103.233 36.834  6.0 1.8 0.0 0.0 0.0 645
2020-11-24T11:41:25.740 103.321 36.803  6.0 1.8 0.0 0.0 0.0 646
2020-11-22T14:36:39.090 103.281 36.836  7.0 1.6 0.0 0.0 0.0 647
2020-11-22T09:55:23.710 103.461 36.783  12.0 2.1 0.0 0.0 0.0 648
2020-11-22T01:39:33.190 102.677 36.917  10.0 1.5 0.0 0.0 0.0 649
2020-11-22T00:29:13.420 102.873 36.430  4.0 2.6 0.0 0.0 0.0 650
2020-11-20T09:54:24.580 103.339 36.815  10.0 1.9 0.0 0.0 0.0 651
2020-11-19T08:16:47.660 99.684 35.542  8.0 2.4 0.0 0.0 0.0 652
2020-11-18T09:44:58.430 103.251 36.854  7.0 1.6 0.0 0.0 0.0 653
2020-11-17T17:34:46.000 99.529 35.244  9.0 1.9 0.0 0.0 0.0 654
2020-11-17T12:40:6.390 103.179 36.847  9.0 1.8 0.0 0.0 0.0 655
2020-11-16T15:11:35.320 103.375 36.824  14.0 1.7 0.0 0.0 0.0 656
2020-11-15T13:39:48.650 101.244 36.167  6.0 1.7 0.0 0.0 0.0 657
2020-11-15T13:09:33.490 102.155 36.573  5.0 1.7 0.0 0.0 0.0 658
2020-11-11T17:18:22.800 102.964 34.906  7.0 1.2 0.0 0.0 0.0 659
2020-11-06T17:45:30.750 103.187 36.907  17.0 2.2 0.0 0.0 0.0 660
2020-11-06T16:10:11.700 102.878 35.059  20.0 1.8 0.0 0.0 0.0 661
2020-11-06T13:18:6.610 100.126 35.503  7.0 2.6 0.0 0.0 0.0 662
2020-11-06T12:31:56.560 103.441 36.793  14.0 1.9 0.0 0.0 0.0 663
2020-11-06T09:59:39.770 103.469 36.792  7.0 1.8 0.0 0.0 0.0 664
2020-11-05T18:31:20.160 102.218 36.692  7.0 1.5 0.0 0.0 0.0 665
2020-11-05T13:32:26.920 103.200 36.845  20.0 1.8 0.0 0.0 0.0 666
2020-11-03T15:13:22.690 103.423 36.787  9.0 2.2 0.0 0.0 0.0 667
2020-11-02T15:38:3.630 103.198 36.896  5.0 2.2 0.0 0.0 0.0 668
2020-11-01T15:10:59.990 102.298 36.220  10.0 1.5 0.0 0.0 0.0 669
2020-10-30T11:57:11.960 103.438 36.786  7.0 2.1 0.0 0.0 0.0 670
2020-10-30T11:14:13.160 101.112 36.069  10.0 2.3 0.0 0.0 0.0 671
2020-10-28T19:50:18.070 100.225 36.131  8.0 1.9 0.0 0.0 0.0 672
2020-10-28T06:16:38.740 103.064 36.749  10.0 3.0 0.0 0.0 0.0 673
2020-10-28T01:15:44.680 102.877 36.417  6.0 1.1 0.0 0.0 0.0 674
2020-10-26T16:54:24.340 102.812 36.416  5.0 2.3 0.0 0.0 0.0 675
2020-10-25T16:52:58.720 100.843 36.962  10.0 1.7 0.0 0.0 0.0 676
2020-10-25T12:47:2.190 103.183 36.854  5.0 1.6 0.0 0.0 0.0 677
2020-10-24T12:23:41.350 103.461 36.782  5.0 1.8 0.0 0.0 0.0 678
2020-10-24T10:13:8.150 103.551 36.676  20.0 1.7 0.0 0.0 0.0 679
2020-10-24T09:08:4.520 103.674 36.881  5.0 1.7 0.0 0.0 0.0 680
2020-10-23T19:54:25.000 102.203 36.075  8.0 1.7 0.0 0.0 0.0 681
2020-10-22T19:24:52.040 103.720 36.784  7.0 1.7 0.0 0.0 0.0 682
2020-10-22T01:12:35.370 102.950 35.145  8.0 0.7 0.0 0.0 0.0 683
2020-10-21T09:22:17.560 103.462 36.808  20.0 1.9 0.0 0.0 0.0 684
2020-10-17T06:41:21.720 102.901 36.415  10.0 1.5 0.0 0.0 0.0 685
2020-10-17T01:13:37.000 101.661 35.528  11.0 1.9 0.0 0.0 0.0 686
2020-10-16T17:15:13.740 103.334 36.801  6.0 1.7 0.0 0.0 0.0 687
2020-10-16T12:34:2.930 101.651 35.530  7.0 2.6 0.0 0.0 0.0 688
2020-10-15T17:12:5.310 103.412 36.800  20.0 1.7 0.0 0.0 0.0 689
2020-10-15T15:25:18.350 103.254 36.830  6.0 1.8 0.0 0.0 0.0 690
2020-10-12T13:10:34.630 102.964 34.966  7.0 1.1 0.0 0.0 0.0 691
2020-10-09T09:22:22.910 103.070 34.926  9.0 0.8 0.0 0.0 0.0 692
2020-10-07T07:01:39.250 102.334 36.355  8.0 1.7 0.0 0.0 0.0 693
2020-10-06T15:16:34.040 102.857 36.391  17.0 1.5 0.0 0.0 0.0 694
2020-10-06T02:40:21.480 102.329 36.369  9.0 1.2 0.0 0.0 0.0 695
2020-10-05T18:30:50.890 102.221 36.692  11.0 1.7 0.0 0.0 0.0 696
2020-10-05T00:28:55.940 100.205 36.047  10.0 1.4 0.0 0.0 0.0 697
2020-10-04T09:47:53.900 101.495 36.233  9.0 2.2 0.0 0.0 0.0 698
2020-10-04T09:13:57.480 101.668 35.526  10.0 1.6 0.0 0.0 0.0 699
2020-10-03T23:39:11.560 101.474 36.223  6.0 1.0 0.0 0.0 0.0 700
2020-10-02T19:18:55.240 101.378 36.515  8.0 1.5 0.0 0.0 0.0 701
2020-09-30T09:50:18.650 103.408 36.787  14.0 1.6 0.0 0.0 0.0 702
2020-09-29T16:41:22.830 103.524 36.806  12.0 1.6 0.0 0.0 0.0 703
2020-09-29T15:40:18.150 101.681 35.460  9.0 1.7 0.0 0.0 0.0 704
2020-09-29T12:12:50.600 103.443 36.792  6.0 1.9 0.0 0.0 0.0 705
2020-09-29T08:57:21.010 103.472 36.781  6.0 2.0 0.0 0.0 0.0 706
2020-09-29T08:24:29.750 103.012 35.136  5.0 1.4 0.0 0.0 0.0 707
2020-09-28T09:44:39.220 103.464 36.798  6.0 2.2 0.0 0.0 0.0 708
2020-09-27T14:21:30.230 103.315 36.823  8.0 2.2 0.0 0.0 0.0 709
2020-09-26T12:55:34.740 103.419 36.812  10.0 1.7 0.0 0.0 0.0 710
2020-09-26T10:12:14.720 103.241 36.902  6.0 2.0 0.0 0.0 0.0 711
2020-09-26T09:40:0.420 103.249 36.827  10.0 1.7 0.0 0.0 0.0 712
2020-09-24T12:46:0.490 102.798 36.396  7.0 2.1 0.0 0.0 0.0 713
2020-09-23T14:20:14.220 103.252 36.881  10.0 2.4 0.0 0.0 0.0 714
2020-09-23T13:28:29.990 102.945 36.714  5.0 1.7 0.0 0.0 0.0 715
2020-09-22T19:52:14.660 101.902 36.530  10.0 1.7 0.0 0.0 0.0 716
2020-09-22T18:31:0.700 102.206 36.686  9.0 1.4 0.0 0.0 0.0 717
2020-09-21T21:16:9.940 99.509 35.393  5.0 1.6 0.0 0.0 0.0 718
2020-09-21T15:12:38.610 102.837 35.179  8.0 1.3 0.0 0.0 0.0 719
2020-09-21T13:05:13.050 102.973 35.088  6.0 1.2 0.0 0.0 0.0 720
2020-09-21T04:13:56.620 102.211 35.871  5.0 1.6 0.0 0.0 0.0 721
2020-09-19T08:14:58.640 103.452 36.786  6.0 1.8 0.0 0.0 0.0 722
2020-09-17T20:33:52.730 101.657 35.533  8.0 1.5 0.0 0.0 0.0 723
2020-09-17T04:57:44.470 101.666 35.529  8.0 3.3 0.0 0.0 0.0 724
2020-09-17T04:10:37.000 101.658 35.529  8.0 1.7 0.0 0.0 0.0 725
2020-09-16T23:34:1.160 101.393 36.507  8.0 1.8 0.0 0.0 0.0 726
2020-09-16T23:16:3.220 101.648 35.535  8.0 1.5 0.0 0.0 0.0 727
2020-09-16T09:16:41.620 100.674 35.465  9.0 1.6 0.0 0.0 0.0 728
2020-09-16T07:20:12.080 102.721 35.099  6.0 1.7 0.0 0.0 0.0 729
2020-09-15T14:31:51.230 99.684 35.512  0.0 0.0 0.0 0.0 0.0 730
2020-09-15T14:23:39.300 102.212 36.544  8.0 1.4 0.0 0.0 0.0 731
2020-09-15T13:56:16.970 103.195 36.891  13.0 2.0 0.0 0.0 0.0 732
2020-09-15T12:35:57.270 101.495 34.999  8.0 1.5 0.0 0.0 0.0 733
2020-09-15T08:49:31.550 99.541 35.492  8.0 1.7 0.0 0.0 0.0 734
2020-09-14T18:13:34.970 102.797 36.392  0.0 2.4 0.0 0.0 0.0 735
2020-09-14T15:33:25.850 103.651 35.838  14.0 2.0 0.0 0.0 0.0 736
2020-09-13T13:34:51.560 103.082 35.124  8.0 1.2 0.0 0.0 0.0 737
2020-09-13T06:37:10.100 102.215 35.864  9.0 1.8 0.0 0.0 0.0 738
2020-09-11T12:51:52.530 103.522 36.844  12.0 1.8 0.0 0.0 0.0 739
2020-09-10T16:19:27.170 103.718 36.784  5.0 1.9 0.0 0.0 0.0 740
2020-09-10T15:36:24.210 103.012 36.799  6.0 1.7 0.0 0.0 0.0 741
2020-09-08T23:24:14.660 101.656 35.534  9.0 1.4 0.0 0.0 0.0 742
2020-09-08T10:56:52.270 103.466 36.784  10.0 1.7 0.0 0.0 0.0 743
2020-09-07T19:22:33.740 102.196 36.544  6.0 1.3 0.0 0.0 0.0 744
2020-09-07T18:34:0.310 102.211 36.713  5.0 1.5 0.0 0.0 0.0 745
2020-09-06T15:22:34.380 103.700 36.861  5.0 1.7 0.0 0.0 0.0 746
2020-09-06T14:56:39.190 102.818 36.382  10.0 2.0 0.0 0.0 0.0 747
2020-09-05T20:20:52.170 103.459 36.790  6.0 1.6 0.0 0.0 0.0 748
2020-09-05T15:40:58.520 101.666 35.535  8.0 1.7 0.0 0.0 0.0 749
2020-09-04T21:20:48.730 100.791 35.980  9.0 1.1 0.0 0.0 0.0 750
2020-09-04T21:15:24.980 100.798 35.984  9.0 1.3 0.0 0.0 0.0 751
2020-09-04T20:41:43.100 101.659 35.529  9.0 1.7 0.0 0.0 0.0 752
2020-09-04T18:40:4.790 103.192 36.914  5.0 2.3 0.0 0.0 0.0 753
2020-09-04T17:40:24.990 102.809 36.412  5.0 2.3 0.0 0.0 0.0 754
2020-09-04T17:29:13.090 101.662 35.533  9.0 2.0 0.0 0.0 0.0 755
2020-09-03T20:40:30.930 101.661 35.541  7.0 1.9 0.0 0.0 0.0 756
2020-09-03T19:58:12.520 101.659 35.535  9.0 1.9 0.0 0.0 0.0 757
2020-09-03T18:59:8.590 103.483 36.770  5.0 1.9 0.0 0.0 0.0 758
2020-09-03T17:26:5.870 100.653 36.277  9.0 2.0 0.0 0.0 0.0 759
2020-09-03T07:40:39.110 101.662 35.530  7.0 2.1 0.0 0.0 0.0 760
2020-09-02T10:53:43.700 103.441 36.797  6.0 2.0 0.0 0.0 0.0 761
2020-09-02T08:45:36.280 103.546 36.797  4.0 2.0 0.0 0.0 0.0 762
2020-08-30T16:08:42.060 100.670 36.264  8.0 2.1 0.0 0.0 0.0 763
2020-08-29T18:44:44.440 100.655 36.280  9.0 1.7 0.0 0.0 0.0 764
2020-08-29T14:00:28.470 100.644 36.285  9.0 2.3 0.0 0.0 0.0 765
2020-08-28T18:32:21.140 100.635 36.293  10.0 1.8 0.0 0.0 0.0 766
2020-08-28T09:17:12.120 103.475 36.804  20.0 1.7 0.0 0.0 0.0 767
2020-08-27T15:01:31.710 102.780 35.361  6.0 1.6 0.0 0.0 0.0 768
2020-08-26T19:11:15.910 103.221 36.892  15.0 2.1 0.0 0.0 0.0 769
2020-08-26T19:05:7.880 103.237 36.882  5.0 2.1 0.0 0.0 0.0 770
2020-08-26T10:02:18.000 103.720 36.783  11.0 1.7 0.0 0.0 0.0 771
2020-08-26T08:00:44.420 103.516 36.752  5.0 1.7 0.0 0.0 0.0 772
2020-08-26T05:50:26.930 100.647 36.275  9.0 2.1 0.0 0.0 0.0 773
2020-08-25T11:24:53.650 103.248 36.882  10.0 1.5 0.0 0.0 0.0 774
2020-08-24T16:40:29.130 102.944 36.701  6.0 1.6 0.0 0.0 0.0 775
2020-08-24T09:56:36.940 103.439 36.776  20.0 1.7 0.0 0.0 0.0 776
2020-08-24T04:04:44.860 100.649 36.273  10.0 1.9 0.0 0.0 0.0 777
2020-08-23T19:05:27.570 103.258 36.854  6.0 1.4 0.0 0.0 0.0 778
2020-08-23T17:21:44.320 103.398 36.862  6.0 1.5 0.0 0.0 0.0 779
2020-08-23T13:30:48.190 103.269 36.840  5.0 1.7 0.0 0.0 0.0 780
2020-08-22T12:57:45.590 100.653 36.283  10.0 1.8 0.0 0.0 0.0 781
2020-08-22T04:34:25.370 101.797 35.163  9.0 1.1 0.0 0.0 0.0 782
2020-08-21T23:47:46.210 100.649 36.277  9.0 1.6 0.0 0.0 0.0 783
2020-08-21T21:42:22.270 100.648 36.280  8.0 1.4 0.0 0.0 0.0 784
2020-08-20T23:53:49.580 100.656 36.273  10.0 2.1 0.0 0.0 0.0 785
2020-08-20T05:10:29.540 100.640 36.288  9.0 1.4 0.0 0.0 0.0 786
2020-08-20T04:22:20.470 100.646 36.280  9.0 1.5 0.0 0.0 0.0 787
2020-08-19T13:33:27.300 100.650 36.285  9.0 1.3 0.0 0.0 0.0 788
2020-08-19T05:23:3.620 100.169 35.943  9.0 1.8 0.0 0.0 0.0 789
2020-08-19T01:22:0.040 100.643 36.286  8.0 1.9 0.0 0.0 0.0 790
2020-08-17T10:20:40.050 101.639 36.799  8.0 0.9 0.0 0.0 0.0 791
2020-08-17T02:55:42.450 100.140 36.046  9.0 2.0 0.0 0.0 0.0 792
2020-08-16T14:02:19.980 103.396 34.828  6.0 1.2 0.0 0.0 0.0 793
2020-08-16T12:46:15.770 102.822 36.511  6.0 1.9 0.0 0.0 0.0 794
2020-08-15T18:05:56.850 102.156 36.554  7.0 1.8 0.0 0.0 0.0 795
2020-08-15T15:27:6.390 101.464 36.380  0.0 2.2 0.0 0.0 0.0 796
2020-08-15T12:55:55.570 103.485 36.753  6.0 1.5 0.0 0.0 0.0 797
2020-08-15T10:28:40.270 103.448 36.784  6.0 1.8 0.0 0.0 0.0 798
2020-08-14T20:35:58.390 100.164 35.944  12.0 2.4 0.0 0.0 0.0 799
2020-08-13T15:58:32.010 101.608 36.872  10.0 2.4 0.0 0.0 0.0 800
2020-08-12T01:35:33.800 100.657 36.287  6.0 1.4 0.0 0.0 0.0 801
2020-08-11T18:16:11.110 101.896 36.533  7.0 1.7 0.0 0.0 0.0 802
2020-08-11T15:02:32.170 103.479 36.803  20.0 1.9 0.0 0.0 0.0 803
2020-08-11T12:17:27.770 100.626 36.261  8.0 1.2 0.0 0.0 0.0 804
2020-08-10T18:16:55.030 100.649 36.278  10.0 1.9 0.0 0.0 0.0 805
2020-08-10T14:39:59.210 102.943 36.670  20.0 1.6 0.0 0.0 0.0 806
2020-08-10T02:12:56.170 99.607 35.508  0.0 0.0 0.0 0.0 0.0 807
2020-08-09T19:21:55.580 102.216 36.560  9.0 2.0 0.0 0.0 0.0 808
2020-08-09T12:19:19.190 102.885 36.439  5.0 2.5 0.0 0.0 0.0 809
2020-08-09T00:41:26.550 101.421 35.936  10.0 1.4 0.0 0.0 0.0 810
2020-08-08T00:14:4.050 100.343 34.892  8.0 1.5 0.0 0.0 0.0 811
2020-08-07T15:37:24.810 99.448 35.381  6.0 2.1 0.0 0.0 0.0 812
2020-08-07T14:06:6.030 99.507 35.411  6.0 2.2 0.0 0.0 0.0 813
2020-08-07T05:26:8.590 100.651 36.277  8.0 1.7 0.0 0.0 0.0 814
2020-08-07T04:10:53.040 100.970 36.132  6.0 1.5 0.0 0.0 0.0 815
2020-08-06T22:58:5.900 100.639 36.292  8.0 1.1 0.0 0.0 0.0 816
2020-08-06T19:34:22.390 99.561 35.488  8.0 1.7 0.0 0.0 0.0 817
2020-08-06T14:18:5.760 102.206 36.558  5.0 1.5 0.0 0.0 0.0 818
2020-08-06T13:20:5.220 102.952 36.654  8.0 1.7 0.0 0.0 0.0 819
2020-08-06T11:37:16.680 102.792 36.543  7.0 2.0 0.0 0.0 0.0 820
2020-08-05T20:00:15.190 102.232 36.699  11.0 1.7 0.0 0.0 0.0 821
2020-08-04T14:54:1.120 103.431 36.797  6.0 1.5 0.0 0.0 0.0 822
2020-08-04T12:29:50.390 103.322 36.807  6.0 1.8 0.0 0.0 0.0 823
2020-08-04T11:15:45.270 103.210 36.838  8.0 1.7 0.0 0.0 0.0 824
2020-08-04T08:39:44.160 103.204 36.909  7.0 1.9 0.0 0.0 0.0 825
2020-08-03T19:48:23.000 103.658 36.853  5.0 1.6 0.0 0.0 0.0 826
2020-08-02T19:06:1.960 103.192 36.885  4.0 1.9 0.0 0.0 0.0 827
2020-08-02T13:11:15.070 102.224 36.702  9.0 1.7 0.0 0.0 0.0 828
2020-08-01T04:12:53.820 101.829 35.096  9.0 1.2 0.0 0.0 0.0 829
2020-07-30T12:26:44.810 101.452 35.772  6.0 1.3 0.0 0.0 0.0 830
2020-07-30T04:43:55.280 102.697 35.324  5.0 0.9 0.0 0.0 0.0 831
2020-07-29T19:30:44.700 103.269 36.829  4.0 1.7 0.0 0.0 0.0 832
2020-07-29T17:43:36.210 103.230 36.887  4.0 1.8 0.0 0.0 0.0 833
2020-07-29T10:17:47.750 103.679 36.859  5.0 1.4 0.0 0.0 0.0 834
2020-07-28T17:43:39.000 101.898 36.531  7.0 1.6 0.0 0.0 0.0 835
2020-07-28T07:50:51.980 103.499 36.748  6.0 1.9 0.0 0.0 0.0 836
2020-07-26T13:43:26.440 103.347 36.641  20.0 1.6 0.0 0.0 0.0 837
2020-07-26T08:32:54.660 103.194 36.870  5.0 1.9 0.0 0.0 0.0 838
2020-07-26T01:44:10.130 99.626 35.248  8.0 1.4 0.0 0.0 0.0 839
2020-07-25T20:08:3.320 102.952 35.146  12.0 1.5 0.0 0.0 0.0 840
2020-07-25T19:28:28.680 103.185 36.846  9.0 1.8 0.0 0.0 0.0 841
2020-07-25T17:11:6.460 103.122 35.044  20.0 1.5 0.0 0.0 0.0 842
2020-07-25T13:38:7.430 103.133 36.703  6.0 1.3 0.0 0.0 0.0 843
2020-07-24T15:59:26.890 102.931 36.700  5.0 1.7 0.0 0.0 0.0 844
2020-07-24T12:24:24.880 101.204 36.223  11.0 1.3 0.0 0.0 0.0 845
2020-07-23T23:53:53.710 101.191 36.226  6.0 1.3 0.0 0.0 0.0 846
2020-07-23T19:10:37.650 103.236 36.889  5.0 1.7 0.0 0.0 0.0 847
2020-07-23T16:16:16.640 102.213 36.693  5.0 1.5 0.0 0.0 0.0 848
2020-07-22T12:19:46.600 103.459 36.794  10.0 2.0 0.0 0.0 0.0 849
2020-07-22T11:05:24.090 103.456 36.825  6.0 1.4 0.0 0.0 0.0 850
2020-07-21T09:08:33.750 103.698 36.880  7.0 1.8 0.0 0.0 0.0 851
2020-07-19T18:01:59.180 101.913 36.530  8.0 1.7 0.0 0.0 0.0 852
2020-07-17T10:56:15.980 103.671 35.828  6.0 2.0 0.0 0.0 0.0 853
2020-07-17T10:36:7.640 103.345 36.807  10.0 1.8 0.0 0.0 0.0 854
2020-07-17T08:24:42.780 103.248 36.802  8.0 1.8 0.0 0.0 0.0 855
2020-07-16T11:38:6.100 103.647 36.777  6.0 1.7 0.0 0.0 0.0 856
2020-07-16T09:34:33.970 103.441 36.817  6.0 1.8 0.0 0.0 0.0 857
2020-07-15T21:13:40.860 99.553 35.461  9.0 2.0 0.0 0.0 0.0 858
2020-07-15T20:55:34.060 102.220 36.698  7.0 1.6 0.0 0.0 0.0 859
2020-07-15T20:36:20.410 102.211 36.544  7.0 1.3 0.0 0.0 0.0 860
2020-07-15T19:17:21.060 103.209 36.918  6.0 1.6 0.0 0.0 0.0 861
2020-07-15T15:07:23.840 103.050 34.892  7.0 1.4 0.0 0.0 0.0 862
2020-07-15T11:45:11.570 102.845 35.389  5.0 1.6 0.0 0.0 0.0 863
2020-07-15T08:56:24.700 103.449 36.787  5.0 1.9 0.0 0.0 0.0 864
2020-07-14T18:53:20.190 103.491 36.783  5.0 1.5 0.0 0.0 0.0 865
2020-07-14T12:00:44.180 100.647 35.447  8.0 1.5 0.0 0.0 0.0 866
2020-07-14T10:49:20.290 103.242 36.895  8.0 2.2 0.0 0.0 0.0 867
2020-07-13T17:25:35.380 103.215 36.913  10.0 2.1 0.0 0.0 0.0 868
2020-07-13T11:17:13.780 103.394 36.803  20.0 1.5 0.0 0.0 0.0 869
2020-07-12T14:55:46.640 103.707 36.743  8.0 1.8 0.0 0.0 0.0 870
2020-07-12T12:09:37.880 102.890 35.189  7.0 1.7 0.0 0.0 0.0 871
2020-07-10T21:08:12.290 99.571 35.512  10.0 1.8 0.0 0.0 0.0 872
2020-07-10T18:36:44.240 102.226 36.703  8.0 1.7 0.0 0.0 0.0 873
2020-07-10T18:08:23.690 101.904 36.529  8.0 1.8 0.0 0.0 0.0 874
2020-07-10T14:14:7.950 103.455 36.779  8.0 2.0 0.0 0.0 0.0 875
2020-07-10T11:49:26.950 103.211 36.848  6.0 1.6 0.0 0.0 0.0 876
2020-07-09T12:29:13.810 101.894 36.538  7.0 1.5 0.0 0.0 0.0 877
2020-07-08T09:31:13.320 103.543 36.773  5.0 1.7 0.0 0.0 0.0 878
2020-07-07T18:46:43.910 102.199 36.556  9.0 1.8 0.0 0.0 0.0 879
2020-07-07T12:14:35.230 102.796 35.372  16.0 1.6 0.0 0.0 0.0 880
2020-07-06T19:51:3.480 100.175 36.042  10.0 2.2 0.0 0.0 0.0 881
2020-07-06T11:43:26.250 103.218 36.892  6.0 2.0 0.0 0.0 0.0 882
2020-07-05T17:29:11.100 102.197 36.527  9.0 1.7 0.0 0.0 0.0 883
2020-07-02T12:38:23.070 101.901 36.524  5.0 1.2 0.0 0.0 0.0 884
2020-07-02T12:28:37.460 102.925 36.653  6.0 1.5 0.0 0.0 0.0 885
2020-07-01T18:32:43.860 102.921 36.736  6.0 2.0 0.0 0.0 0.0 886
2020-07-01T13:54:44.220 103.311 36.797  5.0 1.5 0.0 0.0 0.0 887
2020-07-01T13:18:11.800 102.680 36.510  10.0 1.5 0.0 0.0 0.0 888
2020-06-30T12:10:44.470 102.794 36.535  7.0 2.1 0.0 0.0 0.0 889
2020-06-29T19:13:13.060 103.181 36.845  18.0 2.0 0.0 0.0 0.0 890
2020-06-29T15:41:1.280 102.921 36.744  5.0 1.4 0.0 0.0 0.0 891
2020-06-28T12:27:35.120 101.922 36.534  10.0 1.4 0.0 0.0 0.0 892
2020-06-28T11:08:59.630 103.783 36.497  5.0 1.8 0.0 0.0 0.0 893
2020-06-27T18:03:42.630 103.210 36.852  7.0 1.6 0.0 0.0 0.0 894
2020-06-27T17:26:16.020 102.841 34.903  10.0 1.1 0.0 0.0 0.0 895
2020-06-27T16:56:11.570 103.242 36.896  7.0 1.9 0.0 0.0 0.0 896
2020-06-27T14:47:8.890 103.207 36.854  6.0 1.6 0.0 0.0 0.0 897
2020-06-27T08:06:26.430 103.459 36.786  5.0 1.8 0.0 0.0 0.0 898
2020-06-25T18:04:28.480 102.208 36.691  5.0 1.7 0.0 0.0 0.0 899
2020-06-24T21:27:51.350 100.220 35.935  10.0 2.1 0.0 0.0 0.0 900
2020-06-24T08:39:9.000 103.232 36.891  19.0 1.8 0.0 0.0 0.0 901
2020-06-23T13:33:5.510 103.026 36.767  8.0 1.7 0.0 0.0 0.0 902
2020-06-21T01:06:31.240 102.881 36.391  5.0 1.1 0.0 0.0 0.0 903
2020-06-20T12:30:23.770 103.225 36.904  4.0 1.8 0.0 0.0 0.0 904
2020-06-20T09:59:43.720 103.269 36.815  7.0 1.8 0.0 0.0 0.0 905
2020-06-20T09:26:13.710 102.873 36.435  13.0 2.1 0.0 0.0 0.0 906
2020-06-20T02:06:19.060 101.842 35.113  9.0 1.1 0.0 0.0 0.0 907
2020-06-19T19:17:56.580 103.205 36.887  7.0 2.2 0.0 0.0 0.0 908
2020-06-19T12:55:52.680 102.934 36.726  8.0 1.6 0.0 0.0 0.0 909
2020-06-18T14:51:36.600 101.414 36.501  6.0 1.5 0.0 0.0 0.0 910
2020-06-18T14:48:35.500 103.270 36.886  10.0 2.4 0.0 0.0 0.0 911
2020-06-18T13:07:9.160 102.690 36.529  5.0 1.4 0.0 0.0 0.0 912
2020-06-18T11:57:7.010 102.183 36.545  5.0 1.5 0.0 0.0 0.0 913
2020-06-18T11:31:48.860 103.016 36.786  4.0 1.8 0.0 0.0 0.0 914
2020-06-17T19:43:19.690 103.473 36.798  16.0 2.1 0.0 0.0 0.0 915
2020-06-17T18:33:2.110 102.232 36.698  11.0 1.9 0.0 0.0 0.0 916
2020-06-17T12:39:39.550 103.253 36.819  10.0 1.6 0.0 0.0 0.0 917
2020-06-17T09:46:20.050 103.418 36.794  5.0 1.8 0.0 0.0 0.0 918
2020-06-17T02:55:20.320 102.683 35.064  8.0 2.4 0.0 0.0 0.0 919
2020-06-16T12:14:20.810 103.587 36.813  8.0 1.7 0.0 0.0 0.0 920
2020-06-16T10:01:52.230 103.516 36.831  4.0 1.9 0.0 0.0 0.0 921
2020-06-16T03:31:53.260 103.062 36.361  9.0 3.5 0.0 0.0 0.0 922
2020-06-15T13:11:49.880 103.696 36.854  9.0 1.4 0.0 0.0 0.0 923
2020-06-15T11:48:8.870 102.930 36.659  5.0 1.7 0.0 0.0 0.0 924
2020-06-14T12:41:23.650 101.675 35.964  9.0 1.3 0.0 0.0 0.0 925
2020-06-14T11:59:41.230 102.229 36.562  10.0 1.6 0.0 0.0 0.0 926
2020-06-14T11:48:14.340 99.583 35.515  0.0 0.0 0.0 0.0 0.0 927
2020-06-13T11:30:34.210 103.451 36.783  7.0 2.1 0.0 0.0 0.0 928
2020-06-12T19:17:24.130 103.236 36.923  6.0 1.6 0.0 0.0 0.0 929
2020-06-12T16:36:15.110 103.521 36.834  6.0 2.0 0.0 0.0 0.0 930
2020-06-11T22:31:25.180 103.176 36.658  8.0 1.4 0.0 0.0 0.0 931
2020-06-11T11:12:27.340 103.249 36.836  5.0 1.6 0.0 0.0 0.0 932
2020-06-11T11:08:58.130 103.704 37.038  13.0 1.7 0.0 0.0 0.0 933
2020-06-11T10:41:35.460 103.346 36.804  7.0 2.1 0.0 0.0 0.0 934
2020-06-10T12:28:39.550 102.900 35.107  6.0 1.5 0.0 0.0 0.0 935
2020-06-10T05:19:34.560 101.685 34.827  8.0 0.6 0.0 0.0 0.0 936
2020-06-09T18:59:21.930 103.205 34.805  8.0 1.6 0.0 0.0 0.0 937
2020-06-09T01:32:8.330 100.260 36.087  10.0 1.8 0.0 0.0 0.0 938
2020-06-07T21:33:22.070 100.201 35.161  10.0 1.1 0.0 0.0 0.0 939
2020-06-06T17:24:56.040 103.237 36.405  17.0 1.6 0.0 0.0 0.0 940
2020-06-05T19:43:52.050 102.193 36.555  7.0 1.4 0.0 0.0 0.0 941
2020-06-05T10:51:40.990 103.323 36.793  2.0 1.9 0.0 0.0 0.0 942
2020-06-05T08:16:55.360 103.234 36.890  4.0 1.6 0.0 0.0 0.0 943
2020-06-04T21:41:13.290 99.585 35.516  0.0 0.0 0.0 0.0 0.0 944
2020-06-04T19:30:2.490 103.449 36.776  4.0 2.2 0.0 0.0 0.0 945
2020-06-04T19:01:40.540 102.222 36.693  7.0 1.6 0.0 0.0 0.0 946
2020-06-04T18:57:6.460 103.214 36.889  4.0 2.1 0.0 0.0 0.0 947
2020-06-04T18:40:11.570 101.484 36.603  6.0 1.1 0.0 0.0 0.0 948
2020-06-04T16:45:28.790 102.050 35.995  0.0 0.0 0.0 0.0 0.0 949
2020-06-04T16:29:12.490 103.155 36.677  4.0 1.3 0.0 0.0 0.0 950
2020-06-04T10:40:14.070 103.480 36.851  4.0 1.9 0.0 0.0 0.0 951
2020-06-04T10:36:32.720 103.705 36.775  4.0 1.6 0.0 0.0 0.0 952
2020-06-03T11:52:20.640 102.917 36.712  6.0 1.5 0.0 0.0 0.0 953
2020-06-03T00:50:0.350 103.506 36.766  6.0 1.5 0.0 0.0 0.0 954
2020-06-02T18:58:11.150 103.190 36.870  8.0 1.9 0.0 0.0 0.0 955
2020-06-02T18:10:2.160 103.301 36.800  5.0 2.0 0.0 0.0 0.0 956
2020-06-02T13:11:12.580 103.691 36.756  5.0 1.7 0.0 0.0 0.0 957
2020-06-02T02:24:10.770 100.068 35.445  9.0 1.3 0.0 0.0 0.0 958
2020-06-01T14:45:53.570 102.930 36.665  5.0 1.6 0.0 0.0 0.0 959
2020-05-30T21:13:30.020 103.463 36.777  7.0 1.8 0.0 0.0 0.0 960
2020-05-30T18:10:14.340 102.492 36.168  6.0 1.8 0.0 0.0 0.0 961
2020-05-28T05:48:11.020 103.154 35.462  6.0 0.9 0.0 0.0 0.0 962
2020-05-26T15:35:49.520 103.029 35.130  14.0 1.2 0.0 0.0 0.0 963
2020-05-26T06:15:35.920 100.170 36.109  9.0 1.6 0.0 0.0 0.0 964
2020-05-24T15:56:32.920 102.110 36.947  0.0 0.2 0.0 0.0 0.0 965
2020-05-23T22:22:49.580 100.197 36.132  10.0 1.8 0.0 0.0 0.0 966
2020-05-22T17:15:18.920 102.218 36.533  7.0 1.3 0.0 0.0 0.0 967
2020-05-22T15:47:52.790 102.777 36.388  4.0 2.0 0.0 0.0 0.0 968
2020-05-22T12:11:14.520 102.951 35.065  4.0 1.3 0.0 0.0 0.0 969
2020-05-22T11:27:52.050 102.918 35.011  6.0 1.3 0.0 0.0 0.0 970
2020-05-22T06:47:32.650 100.241 35.512  8.0 1.1 0.0 0.0 0.0 971
2020-05-22T03:25:57.490 99.529 35.527  8.0 1.6 0.0 0.0 0.0 972
2020-05-21T13:05:3.710 101.164 36.665  0.0 0.1 0.0 0.0 0.0 973
2020-05-21T08:48:5.480 99.402 35.196  8.0 2.2 0.0 0.0 0.0 974
2020-05-20T12:26:45.530 103.237 36.903  8.0 1.8 0.0 0.0 0.0 975
2020-05-19T18:56:13.870 102.195 36.548  8.0 1.9 0.0 0.0 0.0 976
2020-05-19T14:56:23.170 103.478 36.799  7.0 1.6 0.0 0.0 0.0 977
2020-05-19T12:32:15.330 103.452 36.775  10.0 2.0 0.0 0.0 0.0 978
2020-05-19T11:59:21.130 103.507 36.950  4.0 2.0 0.0 0.0 0.0 979
2020-05-16T18:26:0.390 102.211 36.554  8.0 1.9 0.0 0.0 0.0 980
2020-05-15T18:03:50.450 102.198 36.547  6.0 1.8 0.0 0.0 0.0 981
2020-05-15T12:34:34.610 102.774 36.441  0.0 2.2 0.0 0.0 0.0 982
2020-05-15T04:22:23.710 100.716 36.049  7.0 1.3 0.0 0.0 0.0 983
2020-05-14T15:22:5.760 103.229 36.893  8.0 1.8 0.0 0.0 0.0 984
2020-05-14T12:07:46.770 103.428 36.796  6.0 1.9 0.0 0.0 0.0 985
2020-05-14T06:59:42.300 99.599 35.512  0.0 0.0 0.0 0.0 0.0 986
2020-05-13T13:08:56.500 103.444 36.792  5.0 2.2 0.0 0.0 0.0 987
2020-05-12T20:17:6.930 103.449 36.773  6.0 2.0 0.0 0.0 0.0 988
2020-05-12T15:44:50.180 103.191 36.741  6.0 1.5 0.0 0.0 0.0 989
2020-05-12T13:53:32.660 102.926 36.678  16.0 1.8 0.0 0.0 0.0 990
2020-05-12T12:14:20.230 102.934 36.694  8.0 1.4 0.0 0.0 0.0 991
2020-05-12T09:33:59.550 100.649 36.275  9.0 1.8 0.0 0.0 0.0 992
2020-05-12T00:31:43.180 99.624 35.430  0.0 0.0 0.0 0.0 0.0 993
2020-05-11T17:01:11.450 103.604 36.816  6.0 2.0 0.0 0.0 0.0 994
2020-05-11T13:27:20.060 102.259 36.448  9.0 1.6 0.0 0.0 0.0 995
2020-05-11T12:35:55.450 101.945 36.527  10.0 1.3 0.0 0.0 0.0 996
2020-05-10T03:15:10.290 99.733 36.880  0.0 0.0 0.0 0.0 0.0 997
2020-05-09T19:29:27.230 102.640 36.520  6.0 1.7 0.0 0.0 0.0 998
2020-05-09T18:16:50.270 102.208 36.560  7.0 1.8 0.0 0.0 0.0 999
2020-05-09T09:29:46.160 103.299 36.875  14.0 1.6 0.0 0.0 0.0 1000
2020-05-09T03:50:32.150 102.859 36.393  15.0 1.5 0.0 0.0 0.0 1001
2020-05-08T16:06:39.700 100.653 36.281  8.0 2.3 0.0 0.0 0.0 1002
2020-05-08T10:18:3.100 103.429 36.738  9.0 1.8 0.0 0.0 0.0 1003
2020-05-07T11:00:40.940 103.334 36.814  16.0 1.8 0.0 0.0 0.0 1004
2020-05-06T18:48:53.160 102.806 36.406  7.0 2.2 0.0 0.0 0.0 1005
2020-05-06T15:46:20.220 103.765 37.075  6.0 1.5 0.0 0.0 0.0 1006
2020-05-05T05:50:31.590 100.642 36.289  7.0 1.1 0.0 0.0 0.0 1007
2020-05-04T19:42:6.240 102.220 36.559  10.0 1.6 0.0 0.0 0.0 1008
2020-05-04T07:53:7.140 100.024 36.734  7.0 1.4 0.0 0.0 0.0 1009
2020-05-03T17:03:19.080 100.331 34.891  10.0 2.0 0.0 0.0 0.0 1010
2020-05-02T20:04:16.730 102.788 36.371  0.0 2.2 0.0 0.0 0.0 1011
2020-05-02T18:26:17.090 102.208 36.559  11.0 2.0 0.0 0.0 0.0 1012
2020-05-02T06:56:36.550 103.095 34.853  6.0 1.2 0.0 0.0 0.0 1013
2020-05-01T15:51:44.240 100.650 36.278  8.0 1.7 0.0 0.0 0.0 1014
2020-05-01T14:26:13.400 100.055 36.155  9.0 2.1 0.0 0.0 0.0 1015
2020-04-30T10:44:10.140 103.447 36.837  6.0 1.7 0.0 0.0 0.0 1016
2020-04-29T16:38:7.240 101.465 36.389  9.0 2.4 0.0 0.0 0.0 1017
2020-04-29T15:40:31.500 99.564 36.174  9.0 2.0 0.0 0.0 0.0 1018
2020-04-29T14:13:11.160 103.447 36.765  6.0 1.8 0.0 0.0 0.0 1019
2020-04-29T11:00:37.170 103.335 36.806  6.0 1.9 0.0 0.0 0.0 1020
2020-04-27T17:00:34.180 102.206 36.550  7.0 1.8 0.0 0.0 0.0 1021
2020-04-27T12:48:19.360 103.661 36.702  5.0 1.8 0.0 0.0 0.0 1022
2020-04-27T04:16:43.120 99.566 35.457  7.0 2.0 0.0 0.0 0.0 1023
2020-04-26T12:22:52.720 100.667 36.268  6.0 2.0 0.0 0.0 0.0 1024
2020-04-25T16:05:38.100 102.153 36.559  8.0 2.2 0.0 0.0 0.0 1025
2020-04-25T11:29:6.220 102.821 36.478  6.0 1.8 0.0 0.0 0.0 1026
2020-04-25T04:51:13.940 103.018 34.982  8.0 0.5 0.0 0.0 0.0 1027
2020-04-25T04:03:49.120 100.647 36.277  6.0 0.7 0.0 0.0 0.0 1028
2020-04-25T02:28:49.980 100.658 36.276  6.0 1.6 0.0 0.0 0.0 1029
2020-04-24T13:10:55.870 101.861 35.133  8.0 2.4 0.0 0.0 0.0 1030
2020-04-24T12:44:2.330 103.051 36.758  11.0 1.9 0.0 0.0 0.0 1031
2020-04-23T12:42:42.910 103.481 36.767  20.0 2.1 0.0 0.0 0.0 1032
2020-04-23T03:58:20.730 102.201 36.240  10.0 0.5 0.0 0.0 0.0 1033
2020-04-22T19:27:48.380 103.256 36.829  5.0 1.7 0.0 0.0 0.0 1034
2020-04-22T18:42:6.680 103.223 36.878  5.0 2.0 0.0 0.0 0.0 1035
2020-04-22T16:29:52.090 102.789 36.416  4.0 2.1 0.0 0.0 0.0 1036
2020-04-22T16:07:45.670 103.461 36.784  6.0 2.2 0.0 0.0 0.0 1037
2020-04-22T15:58:32.800 102.219 36.558  10.0 1.5 0.0 0.0 0.0 1038
2020-04-22T14:00:27.410 102.919 35.009  7.0 1.4 0.0 0.0 0.0 1039
2020-04-22T11:57:52.400 103.720 36.842  3.0 1.5 0.0 0.0 0.0 1040
2020-04-22T10:46:45.710 102.816 36.537  6.0 1.9 0.0 0.0 0.0 1041
2020-04-21T22:01:37.200 100.647 36.290  7.0 1.0 0.0 0.0 0.0 1042
2020-04-21T19:04:34.140 100.651 36.282  10.0 2.1 0.0 0.0 0.0 1043
2020-04-21T17:12:54.730 100.644 36.273  10.0 1.3 0.0 0.0 0.0 1044
2020-04-21T13:29:55.590 100.648 36.280  10.0 1.1 0.0 0.0 0.0 1045
2020-04-21T10:23:23.590 100.636 36.290  10.0 1.1 0.0 0.0 0.0 1046
2020-04-20T16:24:24.170 103.645 36.826  17.0 1.7 0.0 0.0 0.0 1047
2020-04-20T13:26:13.080 103.680 36.862  5.0 1.8 0.0 0.0 0.0 1048
2020-04-20T12:32:18.470 102.159 36.557  5.0 1.7 0.0 0.0 0.0 1049
2020-04-17T19:13:13.200 103.402 36.797  6.0 2.0 0.0 0.0 0.0 1050
2020-04-17T17:35:14.410 102.830 36.396  6.0 2.2 0.0 0.0 0.0 1051
2020-04-17T13:41:27.320 102.925 36.695  12.0 1.9 0.0 0.0 0.0 1052
2020-04-17T09:56:37.370 103.316 36.821  5.0 2.0 0.0 0.0 0.0 1053
2020-04-17T08:42:24.640 103.467 36.772  6.0 2.0 0.0 0.0 0.0 1054
2020-04-16T18:11:11.310 101.195 36.104  9.0 1.4 0.0 0.0 0.0 1055
2020-04-16T17:25:19.480 100.518 36.433  9.0 1.9 0.0 0.0 0.0 1056
2020-04-16T16:25:11.710 102.210 36.549  8.0 1.3 0.0 0.0 0.0 1057
2020-04-15T07:52:33.780 102.864 36.427  7.0 2.3 0.0 0.0 0.0 1058
2020-04-12T18:36:38.410 103.491 36.756  6.0 1.5 0.0 0.0 0.0 1059
2020-04-11T18:28:53.850 102.221 36.554  8.0 1.7 0.0 0.0 0.0 1060
2020-04-11T12:14:2.100 102.664 36.511  8.0 1.4 0.0 0.0 0.0 1061
2020-04-10T22:53:30.840 101.510 36.046  7.0 1.1 0.0 0.0 0.0 1062
2020-04-10T00:31:50.850 101.635 35.472  9.0 1.6 0.0 0.0 0.0 1063
2020-04-09T22:31:21.070 101.628 35.485  9.0 1.4 0.0 0.0 0.0 1064
2020-04-09T13:15:42.710 103.452 36.757  6.0 2.1 0.0 0.0 0.0 1065
2020-04-08T19:09:54.300 103.238 36.884  5.0 1.9 0.0 0.0 0.0 1066
2020-04-08T12:13:45.150 103.023 36.772  14.0 1.5 0.0 0.0 0.0 1067
2020-04-08T10:47:17.440 103.703 36.753  6.0 1.5 0.0 0.0 0.0 1068
2020-04-07T11:12:37.520 103.356 36.728  6.0 1.7 0.0 0.0 0.0 1069
2020-04-07T08:42:7.600 100.132 36.587  0.0 0.0 0.0 0.0 0.0 1070
2020-04-07T01:36:45.600 100.120 36.666  10.0 1.0 0.0 0.0 0.0 1071
2020-04-06T18:00:34.200 102.205 36.560  10.0 1.7 0.0 0.0 0.0 1072
2020-04-05T12:24:15.130 103.447 36.795  8.0 2.2 0.0 0.0 0.0 1073
2020-04-03T18:31:7.630 103.474 36.800  9.0 1.7 0.0 0.0 0.0 1074
2020-04-02T16:28:56.290 103.279 36.876  10.0 1.8 0.0 0.0 0.0 1075
2020-04-02T14:49:47.100 103.692 36.744  6.0 1.7 0.0 0.0 0.0 1076
2020-04-02T11:44:21.790 103.389 36.778  10.0 1.9 0.0 0.0 0.0 1077
2020-04-01T13:48:43.440 103.666 36.889  6.0 1.7 0.0 0.0 0.0 1078
2020-04-01T13:24:49.300 103.198 36.913  0.0 2.6 0.0 0.0 0.0 1079
2020-04-01T13:19:2.200 103.431 36.674  8.0 1.6 0.0 0.0 0.0 1080
2020-03-31T22:55:42.880 101.621 35.490  8.0 2.1 0.0 0.0 0.0 1081
2020-03-31T22:55:28.750 101.613 35.483  8.0 1.5 0.0 0.0 0.0 1082
2020-03-31T21:35:14.140 101.624 35.482  8.0 1.8 0.0 0.0 0.0 1083
2020-03-31T17:19:8.130 103.463 36.787  18.0 2.1 0.0 0.0 0.0 1084
2020-03-31T12:41:16.940 102.911 35.054  5.0 1.3 0.0 0.0 0.0 1085
2020-03-31T10:41:49.980 103.183 36.842  10.0 1.8 0.0 0.0 0.0 1086
2020-03-30T23:16:8.060 102.856 36.442  6.0 1.9 0.0 0.0 0.0 1087
2020-03-30T02:54:59.680 102.156 36.284  7.0 1.5 0.0 0.0 0.0 1088
2020-03-29T12:55:19.430 102.192 36.556  8.0 1.2 0.0 0.0 0.0 1089
2020-03-29T03:58:42.210 101.517 35.311  7.0 1.3 0.0 0.0 0.0 1090
2020-03-28T13:50:57.960 102.161 36.558  5.0 1.8 0.0 0.0 0.0 1091
2020-03-27T09:53:21.170 103.238 36.881  6.0 1.8 0.0 0.0 0.0 1092
2020-03-26T16:05:4.240 103.222 36.887  3.0 1.7 0.0 0.0 0.0 1093
2020-03-26T14:54:20.720 103.441 36.796  7.0 2.0 0.0 0.0 0.0 1094
2020-03-25T23:39:39.530 102.771 35.121  5.0 1.2 0.0 0.0 0.0 1095
2020-03-25T04:33:30.810 99.569 35.462  8.0 2.2 0.0 0.0 0.0 1096
2020-03-24T21:49:42.710 102.314 36.512  6.0 1.2 0.0 0.0 0.0 1097
2020-03-24T18:10:6.490 102.204 36.553  6.0 1.5 0.0 0.0 0.0 1098
2020-03-24T02:51:18.690 100.096 35.665  7.0 1.8 0.0 0.0 0.0 1099
2020-03-22T16:53:12.120 103.256 36.892  6.0 2.0 0.0 0.0 0.0 1100
2020-03-22T10:51:37.600 102.659 36.516  5.0 1.3 0.0 0.0 0.0 1101
2020-03-22T03:09:5.280 102.747 35.120  9.0 0.6 0.0 0.0 0.0 1102
2020-03-21T20:22:17.710 102.469 36.377  7.0 1.4 0.0 0.0 0.0 1103
2020-03-20T14:56:48.460 101.280 36.359  6.0 1.5 0.0 0.0 0.0 1104
2020-03-19T10:29:3.290 103.461 36.786  6.0 2.2 0.0 0.0 0.0 1105
2020-03-18T14:41:12.220 103.246 36.876  7.0 1.3 0.0 0.0 0.0 1106
2020-03-18T13:38:56.810 100.161 36.158  8.0 1.6 0.0 0.0 0.0 1107
2020-03-18T12:50:20.660 102.550 36.143  8.0 1.3 0.0 0.0 0.0 1108
2020-03-18T11:32:48.610 100.813 37.042  10.0 1.8 0.0 0.0 0.0 1109
2020-03-18T11:18:51.770 103.038 36.761  5.0 1.8 0.0 0.0 0.0 1110
2020-03-18T09:29:19.010 103.520 36.760  7.0 1.7 0.0 0.0 0.0 1111
2020-03-17T14:24:53.790 103.246 36.842  6.0 1.8 0.0 0.0 0.0 1112
2020-03-16T19:23:45.370 99.705 34.943  8.0 1.6 0.0 0.0 0.0 1113
2020-03-16T09:51:20.380 102.286 36.195  7.0 0.9 0.0 0.0 0.0 1114
2020-03-15T01:41:27.180 101.950 34.966  8.0 1.1 0.0 0.0 0.0 1115
2020-03-14T11:22:34.060 102.798 36.521  5.0 2.0 0.0 0.0 0.0 1116
2020-03-12T23:00:7.570 102.668 37.077  6.0 1.3 0.0 0.0 0.0 1117
2020-03-12T11:22:36.430 103.455 36.806  5.0 1.3 0.0 0.0 0.0 1118
2020-03-12T04:27:54.070 100.125 36.402  9.0 1.8 0.0 0.0 0.0 1119
2020-03-12T00:01:15.870 100.524 35.778  9.0 1.7 0.0 0.0 0.0 1120
2020-03-11T13:08:40.080 102.794 36.539  6.0 1.9 0.0 0.0 0.0 1121
2020-03-11T11:42:48.280 100.143 36.147  8.0 1.3 0.0 0.0 0.0 1122
2020-03-11T09:42:21.400 103.387 36.588  7.0 1.5 0.0 0.0 0.0 1123
2020-03-10T12:08:11.860 103.587 36.660  3.0 1.8 0.0 0.0 0.0 1124
2020-03-10T11:41:29.660 103.390 36.779  9.0 1.7 0.0 0.0 0.0 1125
2020-03-08T20:22:42.350 99.491 35.361  8.0 1.7 0.0 0.0 0.0 1126
2020-03-08T08:16:25.500 100.093 36.592  0.0 0.0 0.0 0.0 0.0 1127
2020-03-08T00:32:40.240 102.919 36.419  6.0 0.9 0.0 0.0 0.0 1128
2020-03-06T19:19:21.670 99.495 35.391  6.0 2.0 0.0 0.0 0.0 1129
2020-03-06T12:44:16.460 103.235 36.896  7.0 2.1 0.0 0.0 0.0 1130
2020-03-05T21:17:44.190 99.495 35.370  9.0 2.4 0.0 0.0 0.0 1131
2020-03-05T12:56:22.290 99.493 35.353  10.0 3.4 0.0 0.0 0.0 1132
2020-03-05T11:51:56.480 103.019 36.773  4.0 2.0 0.0 0.0 0.0 1133
2020-03-04T12:18:30.860 102.927 36.672  8.0 1.8 0.0 0.0 0.0 1134
2020-03-04T05:10:37.270 103.496 35.142  6.0 2.4 0.0 0.0 0.0 1135
2020-03-03T03:04:13.330 100.869 36.088  10.0 1.0 0.0 0.0 0.0 1136
2020-03-02T21:01:43.070 102.737 35.101  7.0 0.4 0.0 0.0 0.0 1137
2020-02-28T22:04:11.690 103.517 36.749  6.0 1.8 0.0 0.0 0.0 1138
2020-02-28T18:47:8.990 103.231 36.897  12.0 1.8 0.0 0.0 0.0 1139
2020-02-28T00:18:23.640 101.501 36.325  8.0 1.4 0.0 0.0 0.0 1140
2020-02-25T12:59:25.370 99.592 35.512  0.0 0.0 0.0 0.0 0.0 1141
2020-02-19T07:22:44.840 102.857 36.398  2.0 1.1 0.0 0.0 0.0 1142
2020-02-17T22:59:27.770 102.879 36.438  20.0 1.6 0.0 0.0 0.0 1143
2020-02-17T20:40:5.410 102.110 36.460  9.0 1.2 0.0 0.0 0.0 1144
2020-02-17T01:56:20.830 101.801 35.106  10.0 0.9 0.0 0.0 0.0 1145
2020-02-15T22:34:8.290 103.017 35.255  6.0 1.0 0.0 0.0 0.0 1146
2020-02-15T22:27:23.360 103.051 35.254  6.0 1.5 0.0 0.0 0.0 1147
2020-02-15T01:50:22.460 101.811 35.111  11.0 1.8 0.0 0.0 0.0 1148
2020-02-14T15:23:0.680 99.516 35.394  6.0 2.1 0.0 0.0 0.0 1149
2020-02-14T12:54:36.240 102.744 35.064  20.0 0.8 0.0 0.0 0.0 1150
2020-02-13T06:37:36.290 99.774 35.377  10.0 1.9 0.0 0.0 0.0 1151
2020-02-11T04:51:10.090 101.484 36.321  10.0 1.0 0.0 0.0 0.0 1152
2020-02-10T05:45:46.870 100.966 36.805  8.0 1.2 0.0 0.0 0.0 1153
2020-02-10T05:35:7.680 100.483 35.832  7.0 1.5 0.0 0.0 0.0 1154
2020-02-10T03:03:58.880 102.714 35.057  5.0 0.8 0.0 0.0 0.0 1155
2020-02-07T16:07:35.650 102.687 35.083  2.0 3.6 0.0 0.0 0.0 1156
2020-02-06T11:56:23.840 103.057 35.883  4.0 1.0 0.0 0.0 0.0 1157
2020-02-06T00:47:51.570 102.692 35.089  3.0 2.6 0.0 0.0 0.0 1158
2020-02-02T04:22:15.130 101.508 36.618  9.0 0.5 0.0 0.0 0.0 1159
2020-02-02T00:56:16.310 99.700 34.947  9.0 1.4 0.0 0.0 0.0 1160
2020-02-01T06:26:57.980 102.229 36.306  8.0 1.1 0.0 0.0 0.0 1161
2020-02-01T05:07:30.840 100.323 36.092  10.0 2.8 0.0 0.0 0.0 1162
2020-01-31T13:16:33.060 99.917 36.534  7.0 1.3 0.0 0.0 0.0 1163
2020-01-29T21:38:22.640 101.715 35.185  9.0 2.0 0.0 0.0 0.0 1164
2020-01-27T11:55:25.600 100.117 36.132  8.0 1.4 0.0 0.0 0.0 1165
2020-01-26T22:23:30.260 99.464 35.355  8.0 2.2 0.0 0.0 0.0 1166
2020-01-24T16:05:51.730 99.490 35.384  7.0 2.9 0.0 0.0 0.0 1167
2020-01-23T11:27:50.390 101.529 36.337  10.0 1.6 0.0 0.0 0.0 1168
2020-01-22T22:24:49.180 102.732 35.156  8.0 0.6 0.0 0.0 0.0 1169
2020-01-22T16:28:3.960 102.722 35.080  4.0 0.8 0.0 0.0 0.0 1170
2020-01-20T08:48:57.890 100.386 36.350  9.0 2.4 0.0 0.0 0.0 1171
2020-01-20T05:52:23.280 101.626 35.492  7.0 1.3 0.0 0.0 0.0 1172
2020-01-19T17:25:52.010 103.508 36.761  7.0 1.6 0.0 0.0 0.0 1173
2020-01-18T22:03:44.610 100.181 36.565  0.0 0.0 0.0 0.0 0.0 1174
2020-01-17T12:41:13.140 100.961 35.971  10.0 1.8 0.0 0.0 0.0 1175
2020-01-17T12:30:14.680 100.977 35.958  10.0 1.4 0.0 0.0 0.0 1176
2020-01-17T09:49:46.130 103.532 36.843  5.0 1.3 0.0 0.0 0.0 1177
2020-01-17T01:39:30.210 102.675 35.088  4.0 1.7 0.0 0.0 0.0 1178
2020-01-16T20:30:18.250 100.952 35.981  7.0 1.4 0.0 0.0 0.0 1179
2020-01-16T19:38:57.400 100.955 35.982  7.0 1.6 0.0 0.0 0.0 1180
2020-01-16T17:12:53.660 101.648 35.493  9.0 1.7 0.0 0.0 0.0 1181
2020-01-16T15:55:59.750 103.110 36.528  4.0 1.0 0.0 0.0 0.0 1182
2020-01-15T17:13:2.750 102.591 35.286  6.0 1.3 0.0 0.0 0.0 1183
2020-01-15T06:34:47.690 100.882 35.094  6.0 1.9 0.0 0.0 0.0 1184
2020-01-15T03:27:34.600 101.645 35.439  6.0 1.1 0.0 0.0 0.0 1185
2020-01-14T18:12:58.860 103.196 36.905  18.0 2.0 0.0 0.0 0.0 1186
2020-01-14T13:05:2.190 102.664 35.076  9.0 1.9 0.0 0.0 0.0 1187
2020-01-14T12:21:33.060 102.697 36.524  6.0 1.2 0.0 0.0 0.0 1188
2020-01-14T01:47:52.250 99.599 35.512  0.0 0.0 0.0 0.0 0.0 1189
2020-01-11T21:41:31.720 103.513 36.774  4.0 1.6 0.0 0.0 0.0 1190
2020-01-09T18:31:22.350 102.686 35.089  1.0 3.4 0.0 0.0 0.0 1191
2020-01-09T14:30:14.520 102.710 35.060  5.0 1.5 0.0 0.0 0.0 1192
2020-01-09T13:58:38.800 103.429 36.773  4.0 1.6 0.0 0.0 0.0 1193
2020-01-09T13:07:43.450 102.927 36.714  9.0 1.4 0.0 0.0 0.0 1194
2020-01-09T13:00:36.800 103.509 36.805  4.0 1.4 0.0 0.0 0.0 1195
2020-01-09T10:47:57.630 103.443 36.791  5.0 1.9 0.0 0.0 0.0 1196
2020-01-08T23:13:2.400 100.287 36.049  9.0 2.1 0.0 0.0 0.0 1197
2020-01-08T20:21:47.190 103.223 36.904  6.0 2.1 0.0 0.0 0.0 1198
2020-01-08T08:08:44.750 102.715 35.090  6.0 0.6 0.0 0.0 0.0 1199
2020-01-08T01:28:59.380 100.335 34.906  9.0 1.7 0.0 0.0 0.0 1200
2020-01-06T13:09:35.300 103.615 36.759  6.0 1.5 0.0 0.0 0.0 1201
2020-01-05T22:47:34.440 101.804 34.811  11.0 0.7 0.0 0.0 0.0 1202
2020-01-04T18:16:46.820 103.232 36.900  6.0 1.6 0.0 0.0 0.0 1203
2020-01-04T17:20:12.250 101.766 36.636  8.0 1.4 0.0 0.0 0.0 1204
2020-01-04T13:34:0.630 103.468 36.762  6.0 1.9 0.0 0.0 0.0 1205
2020-01-01T02:56:40.610 103.505 36.787  18.0 1.7 0.0 0.0 0.0 1206
2019-12-31T17:35:40.680 100.704 37.038  7.0 1.5 0.0 0.0 0.0 1207
2019-12-31T16:21:46.810 102.907 35.030  5.0 1.3 0.0 0.0 0.0 1208
2019-12-30T21:19:41.390 100.154 35.427  8.0 2.2 0.0 0.0 0.0 1209
2019-12-30T05:32:52.260 99.604 35.676  7.0 1.4 0.0 0.0 0.0 1210
2019-12-29T11:52:22.800 103.485 36.807  6.0 1.7 0.0 0.0 0.0 1211
2019-12-28T10:08:36.280 99.500 35.218  9.0 2.4 0.0 0.0 0.0 1212
2019-12-27T15:51:8.550 103.486 36.789  7.0 2.2 0.0 0.0 0.0 1213
2019-12-25T20:22:0.490 102.897 36.393  6.0 1.1 0.0 0.0 0.0 1214
2019-12-25T14:46:29.660 102.929 36.663  4.0 1.7 0.0 0.0 0.0 1215
2019-12-25T11:48:57.570 102.988 36.803  8.0 1.7 0.0 0.0 0.0 1216
2019-12-24T18:17:35.890 103.247 36.883  12.0 1.8 0.0 0.0 0.0 1217
2019-12-24T15:39:56.260 103.735 36.865  6.0 1.8 0.0 0.0 0.0 1218
2019-12-24T12:05:29.890 103.478 36.776  8.0 1.8 0.0 0.0 0.0 1219
2019-12-23T14:09:30.360 102.207 36.548  8.0 1.5 0.0 0.0 0.0 1220
